1 r 104
1 r 176
0 w 132 1485152583
0 r 148
1 r 172
1 w 160 1832796188
1 w 152 363923728
1 r 112
0 r 172
0 w 108 1463717240
0 r 112
1 w 100 2057022592
1 r 116
1 r 172
1 r 128
0 r 152
0 w 112 933226606
0 w 136 665346125
0 r 164
1 r 164
0 w 124 609007180
0 w 140 388506245
0 r 136
1 w 120 1770791475
0 r 132
1 w 152 1394494571
0 r 144
0 w 100 94711708
0 w 108 1296259262
1 r 168
0 w 164 1085778945
0 w 152 1962599384
1 r 132
1 w 148 1780973197
1 r 116
1 r 104
1 w 108 874168758
1 w 120 1826631614
0 r 128
1 w 136 31827435
1 w 132 516283435
1 w 124 2109879148
1 r 136
0 w 124 847616938
0 w 116 1662972012
0 w 156 35229364
1 r 164
0 r 168
1 r 136
0 r 112
0 r 140
1 w 116 1326216315
0 r 136
1 r 104
1 w 132 1429481177
1 w 116 1339187064
0 r 156
0 w 176 1075888012
1 r 148
1 w 156 324148765
0 r 144
0 w 116 1015729599
0 r 108
1 r 176
0 w 164 1259293782
0 r 164
0 w 116 826007620
0 r 164
0 r 176
1 w 136 135404279
1 w 112 215552382
1 r 124
0 r 128
0 w 168 160669035
0 r 112
0 w 132 39742164
1 r 140
1 r 112
1 r 164
1 w 108 1539645847
0 w 108 2091971162
0 r 168
1 w 120 1518946637
1 r 100
0 r 128
0 w 144 1879263889
0 w 100 279535023
0 r 168
1 r 100
1 w 104 940876060
1 r 108
1 r 172
0 r 144
0 w 164 385854176
0 w 176 982561741
1 r 120
0 w 172 1512422633
1 w 104 846374270
0 r 148
0 w 168 423917697
