0 r 52960
1 r 116788
1 r 119284
1 w 86288 7462
1 r 83280
1 r 115580
0 w 83460 12793
1 w 118788 26594
1 w 118844 23907
1 r 83092
1 w 84244 19970
1 w 117340 22490
0 w 83680 23105
1 r 117780
1 w 50204 30052
0 r 52816
0 w 85188 10477
0 w 52400 15132
0 w 51548 31088
0 w 84956 29485
0 r 52092
1 w 53000 14806
1 r 116532
0 w 50972 9207
0 r 116352
0 w 86332 28754
1 w 53004 32400
1 w 85152 26216
0 r 115636
1 w 118800 9952
0 r 86200
1 r 85920
1 w 117832 29934
0 w 118640 99
1 w 50024 30751
1 w 84912 17177
1 r 116560
1 r 116816
0 r 116376
1 w 118000 18828
0 w 83880 565
0 r 50656
1 r 50324
1 w 52948 7570
0 w 116180 4761
1 w 116416 16680
1 r 83064
0 r 85856
1 r 85488
0 r 85128
0 w 51512 20009
0 r 83224
0 r 117292
0 w 116580 20024
0 w 51920 18776
0 r 118748
0 w 51600 16538
1 r 51256
0 r 117492
0 r 115564
1 r 117476
1 w 116788 13507
1 w 84096 17709
0 w 85404 32208
0 w 51552 20799
0 r 51436
1 r 117104
0 w 83760 26339
0 r 86108
1 r 85368
0 r 116324
1 w 52112 22967
0 r 53476
1 r 115956
1 r 86416
1 r 51896
1 w 85860 24327
1 r 85320
0 r 119032
1 r 83120
0 r 86168
1 w 116400 22337
0 r 117176
0 r 118916
0 w 85052 7558
1 r 52324
1 w 118900 29240
0 w 85536 13615
1 w 50084 19692
0 w 86028 23042
0 w 82956 18857
0 r 118028
0 r 85784
0 r 86120
0 w 51008 29772
1 r 52936
1 r 117056
0 r 117608
0 w 51152 27105
0 r 51888
1 w 119224 32202
0 w 85624 18085
1 w 117800 1739
1 w 52836 31721
1 w 51316 723
1 r 51984
1 w 116040 23680
0 r 51200
1 r 115720
0 w 119176 14366
0 w 83900 16193
1 w 83448 19411
1 w 52540 19342
0 w 51592 6134
1 w 118656 17677
0 w 118564 25983
1 r 117488
1 r 86148
1 r 119492
0 r 86060
0 r 116604
0 r 117944
1 r 115952
1 w 85672 25954
1 w 116248 30192
1 r 83652
0 r 84848
1 w 117276 5350
1 w 53420 24197
0 r 118084
1 r 118696
0 r 117460
1 r 51460
1 r 84904
0 r 85420
0 r 116688
1 w 116860 24175
1 w 118964 5409
0 w 116964 27634
0 r 118232
1 w 50888 27076
0 w 50568 27166
0 w 115712 5762
0 r 51396
1 r 118172
1 r 83628
0 r 115852
1 w 117332 26982
1 w 82816 28044
0 r 50796
0 w 82880 15817
0 w 86144 8086
0 w 53912 24478
1 r 116636
1 w 53764 14359
0 r 84700
1 r 119104
1 w 117960 423
1 r 85936
1 w 119232 8686
0 r 118856
1 w 116572 18348
0 w 118548 21408
1 w 86648 32668
1 r 115684
1 w 51784 21916
0 w 84168 7975
0 w 84496 6279
1 w 85364 19828
0 w 53472 31312
1 r 52120
0 r 51892
0 r 83168
0 w 83904 15234
1 w 52612 20866
1 r 83368
1 r 52888
1 r 119460
0 r 85696
1 r 119028
0 w 51188 28968
1 w 84372 4471
1 r 116644
1 w 116084 28816
0 r 84376
0 w 51444 15142
0 w 51748 4978
1 r 119340
1 r 50220
1 w 118556 12792
0 w 85316 12757
1 w 118064 22356
0 r 119084
0 w 116180 24952
0 w 52824 14563
1 r 51804
0 w 51184 23025
1 w 117792 8297
1 r 86524
0 r 118500
1 r 84644
1 w 52688 15369
1 r 119308
0 w 83420 18723
0 r 83564
1 r 83028
1 r 86064
0 r 51500
0 r 118736
0 r 52520
1 w 51192 23639
0 r 117160
1 w 50852 22451
0 w 116416 15388
0 w 84788 5500
1 r 85136
1 w 84476 7620
1 w 53416 2224
0 r 85844
0 w 53076 16274
1 r 118020
0 r 119128
0 r 53356
0 r 118444
0 w 52224 9120
0 r 118512
0 r 83440
0 r 83140
0 w 115792 15291
0 w 86152 15481
0 w 53548 25844
0 w 118028 2981
1 r 83364
0 r 116908
0 r 52896
1 w 84076 28329
1 w 86100 17580
0 w 83940 1429
1 r 83484
1 r 117772
1 w 50820 29890
1 w 85948 9369
1 w 50392 23803
1 w 117416 7405
0 r 86616
0 w 118480 10151
0 r 51852
0 r 118864
0 w 117860 17254
1 w 86384 12144
1 w 83764 24376
0 w 84628 23052
1 w 50116 10826
0 r 50468
1 r 85572
0 w 117848 18779
1 r 85856
0 w 115940 793
0 r 51324
1 w 119052 12804
1 w 84828 16
1 w 50116 16914
1 r 117428
1 w 52748 26872
0 r 53692
0 r 115980
1 r 86100
1 r 86372
1 w 53492 7717
0 r 84972
0 r 115912
0 r 83592
1 r 116308
0 r 85056
0 w 116032 23891
1 w 52732 11984
1 w 52776 30520
1 w 115968 7776
0 w 85104 30352
0 r 117336
0 w 117808 13981
1 r 118832
0 r 51936
1 w 50604 29043
0 r 118508
0 r 50136
1 w 53612 25964
1 r 51440
1 r 50440
0 w 50108 28286
0 r 119204
1 w 53940 11152
1 w 118012 8794
1 w 50644 11644
0 w 117880 9586
0 r 82944
1 w 118184 32192
1 r 116084
1 w 52100 30672
0 w 51908 20986
0 w 52716 8844
0 w 52020 4245
0 r 83416
1 r 86212
1 w 51712 541
0 r 52724
0 w 84204 4230
0 r 119300
1 w 52636 9986
0 r 50168
0 r 115740
1 w 83076 19120
0 w 119392 28496
1 r 118024
0 r 84572
1 w 52384 30671
0 w 53148 12849
0 w 117880 11302
1 r 84428
1 w 51800 12089
0 r 116544
1 r 116500
1 r 83744
0 r 52544
1 r 86092
0 r 117944
1 r 119000
0 r 52172
0 r 84424
0 w 82948 7158
0 r 52912
0 r 116464
1 r 119004
1 w 116980 18979
1 r 118152
0 r 51996
0 w 118252 14246
0 w 84916 18187
1 w 50912 32189
1 r 51324
0 w 118832 10077
0 w 115600 19066
1 w 86612 7749
1 r 84948
0 w 53016 6505
0 r 53080
1 w 83524 993
0 w 85516 9000
1 w 51764 1151
0 r 51008
0 w 84152 3508
0 r 53832
0 w 52356 26847
1 w 118024 347
0 w 115536 7502
1 r 118380
0 w 83436 12904
1 w 52880 6886
1 w 86512 28130
0 r 117676
1 r 53464
1 w 115864 5148
1 w 116988 13494
1 w 84616 16174
1 r 84292
1 w 119024 5828
0 r 115772
1 w 50544 30413
1 r 116016
0 w 53156 8197
1 w 84280 31
0 r 83940
0 w 118404 21935
0 r 51436
1 w 116180 18241
0 w 53832 18360
0 r 51312
0 w 51452 14897
0 w 85052 2916
0 w 86356 28038
1 w 50964 29248
1 w 85144 22971
1 r 85020
1 r 50152
1 r 117076
0 w 52988 25698
0 r 84376
0 w 84536 7389
1 w 86360 23293
0 w 51064 2421
0 w 119012 30904
0 r 51360
0 r 85088
1 w 51988 16765
0 r 116552
1 w 83236 20498
0 w 53540 4451
1 w 53480 26561
0 r 118004
1 r 119492
0 r 119024
1 w 53764 23051
0 w 119128 18132
1 w 53404 1387
0 r 116020
1 r 83468
1 r 53792
0 r 51556
0 r 52880
0 w 50776 28857
0 w 53344 27685
0 r 52336
1 r 84828
0 r 50712
1 w 83344 16389
0 r 83864
0 r 84944
1 r 83248
0 w 118744 25474
1 w 119332 2293
1 w 84056 22310
1 w 50936 14069
0 r 117200
1 r 52200
1 w 118844 3354
1 r 51580
1 r 50224
0 w 86636 1671
0 r 117948
1 r 119388
0 r 84684
1 r 50324
1 r 50640
1 r 119380
0 r 86236
0 w 53672 17917
1 r 118920
1 r 86288
0 w 86104 26560
0 w 50724 13585
1 r 85168
0 r 85772
1 w 83924 20042
1 w 51848 7026
0 w 85228 3510
1 r 51684
0 r 50324
0 r 83920
0 w 117048 21850
1 w 84388 137
0 w 51532 31968
0 r 83444
1 r 85800
1 w 118312 5040
0 w 52184 12777
1 w 84744 28699
1 r 84556
1 r 50440
1 w 116280 18535
1 w 118204 1685
1 w 116528 31413
1 w 52424 20461
0 r 118664
1 w 119008 8857
1 w 52460 4953
1 r 52980
1 w 53224 472
1 r 83940
1 w 85660 26244
1 r 119412
0 w 82808 30356
0 r 50440
1 w 82968 14811
1 w 84568 16966
0 r 83960
1 r 50524
0 w 86440 5179
0 r 84828
0 r 52620
0 r 119160
1 r 85196
1 w 118456 19770
0 r 118036
1 r 116452
0 w 117736 15315
1 w 50124 29676
1 w 52988 2964
1 r 84636
1 r 50896
0 r 50552
0 r 116604
0 w 86744 14404
0 w 53432 12598
0 r 51988
1 r 83204
0 w 84012 15099
0 r 51104
1 r 50464
1 r 84600
0 w 85136 20443
0 r 85200
0 w 50716 32265
0 r 85380
0 r 84884
0 r 53152
0 r 118076
1 r 117928
1 w 117700 8658
1 w 83912 26579
0 w 118464 18718
0 w 116696 29516
0 w 53964 615
1 r 53292
0 r 85224
1 w 117048 25064
0 w 116760 19111
1 r 83032
1 r 51616
1 r 117208
1 w 82916 30738
1 w 51404 28897
0 r 52692
0 w 83360 25666
1 w 53372 18332
1 w 83544 23934
1 w 50712 23784
0 w 82884 26940
0 w 86260 3536
0 r 53300
0 r 52384
0 r 50960
1 r 115888
0 r 51528
1 r 118984
1 r 119224
0 w 50884 7417
0 r 118384
0 w 50168 13742
1 r 85800
1 r 85832
1 w 118256 5860
1 w 116016 3282
1 r 85268
0 w 52432 19176
1 r 118712
0 w 82936 8893
0 r 51276
1 r 50924
1 r 117404
1 w 117900 1032
1 r 85324
0 r 52964
1 r 119096
0 w 83956 28197
1 w 53248 6213
0 w 84616 9381
0 r 53236
1 w 51096 4838
1 w 117768 7255
1 w 117624 26527
0 w 52324 1464
1 w 50380 575
1 w 53456 5048
0 w 86528 19173
1 w 118396 14255
1 w 119192 32328
1 r 52632
0 w 117432 4531
1 r 118820
0 r 117160
1 r 84404
1 r 85832
1 r 83748
0 r 52296
1 r 53284
0 r 115904
1 w 83412 22504
1 w 50632 5920
1 w 119388 15117
1 r 50752
0 r 117132
0 r 50280
0 r 85884
1 w 84312 8681
0 r 83096
0 r 115776
0 r 86144
1 r 83644
0 w 115716 11518
1 r 119060
1 w 84332 29625
1 w 51708 6384
0 r 116620
1 r 119496
1 w 85332 12969
1 r 116960
0 w 50000 28456
1 r 53100
1 w 119200 2151
0 r 50324
0 w 50236 31002
1 r 116816
1 r 51280
1 w 116796 11592
1 r 53948
0 r 83692
1 w 86564 18352
0 r 53916
1 r 52952
0 r 53208
1 r 84448
0 w 83764 14881
0 w 52140 12794
0 r 50968
0 w 50472 10252
0 r 52992
0 r 51084
1 w 83440 15143
0 r 53568
0 w 50556 23531
0 w 118480 15623
1 r 83752
0 r 85744
0 r 118712
1 r 53204
1 w 53268 11063
0 r 86560
1 r 85716
0 w 119364 4056
0 r 85412
0 w 116340 3269
0 w 84116 14717
0 w 51896 23430
0 w 51504 18286
0 r 115608
1 w 85228 30959
1 r 119008
0 w 117980 635
0 w 52120 7286
0 r 117992
0 r 86696
1 w 116360 28174
1 w 115928 16784
1 w 50284 32098
0 r 119040
0 r 50844
0 w 117068 6373
0 r 116896
1 w 86680 26657
0 w 117640 11900
1 w 116348 25222
1 r 116708
0 w 117552 7285
1 w 115900 3655
1 w 52056 13806
1 r 50136
1 r 84408
0 w 85996 3521
1 r 117648
0 r 117652
1 w 85948 2857
1 r 51612
0 w 84916 26627
1 r 85720
0 w 116696 4711
1 r 50088
1 r 119280
1 w 50868 8675
0 r 117164
1 w 84664 30077
0 r 115804
0 w 84924 19880
1 w 116424 15610
1 r 86100
1 r 117704
1 w 50788 24594
0 r 50560
1 r 85556
0 w 86060 7922
1 r 53780
0 r 53588
0 r 118468
0 r 51288
0 w 116244 11860
0 w 85836 25522
1 r 53000
1 w 82948 9747
0 r 117904
0 w 50200 21897
1 w 50484 30049
1 r 116296
0 r 85196
1 r 50192
1 w 53368 5355
0 w 84060 15305
1 w 115744 17046
0 r 83324
1 r 84660
0 w 85044 11382
0 w 84728 18988
0 w 117052 3734
0 r 53568
0 r 82964
1 w 115684 303
1 r 52912
1 w 84932 8127
0 w 52368 28336
0 w 116700 1338
0 r 83056
0 w 119392 10074
1 w 86084 26076
0 r 84956
1 r 118856
0 w 50060 3766
0 w 86480 18289
1 r 52560
1 r 84480
0 w 85040 10029
0 r 53584
0 r 84168
1 r 118644
0 r 51248
0 r 51364
1 r 116304
1 w 83592 6985
0 r 86360
0 w 51920 15807
1 r 118672
0 w 52100 20774
1 r 83836
0 w 117452 20019
0 r 118580
0 r 51416
0 r 85904
1 r 119040
1 r 86324
0 w 86280 1834
1 r 119056
0 w 50892 26911
0 w 83320 21472
1 r 86676
0 r 50204
0 w 116792 11593
1 r 83448
0 w 53936 13298
0 w 83000 16682
1 w 85832 31076
1 r 53524
1 r 50732
0 w 53876 5289
0 w 84288 1975
0 r 53980
0 r 118828
0 r 86488
1 w 117352 4296
1 r 115912
1 w 51260 22248
1 w 82908 28622
1 w 51500 14222
1 w 86536 10560
1 w 116048 17622
0 r 117432
0 w 85132 3814
0 w 118088 29917
1 w 83388 17360
1 w 115852 22481
1 r 118332
0 r 85236
0 w 83660 27705
1 r 51324
0 r 83456
1 r 115956
1 w 86280 2866
0 w 52460 8756
1 w 115944 18659
1 w 53228 9521
0 r 86664
1 r 116524
0 r 117180
0 r 86720
0 r 84848
1 w 52752 19936
0 w 118420 30342
0 w 85356 1088
0 r 51172
0 w 84300 8330
0 r 85172
1 w 85872 1122
1 w 84564 15048
1 r 117508
0 w 53300 1757
0 w 117536 30719
1 w 118464 25753
1 r 85932
0 w 119132 12982
1 w 50612 3925
0 w 84360 13648
0 r 52212
1 w 116012 26286
0 r 83744
1 r 118424
0 w 52132 11552
1 r 115848
1 r 50864
1 w 119112 23544
1 w 85904 12536
1 w 115536 8274
1 w 50740 20861
0 w 85144 14708
0 w 116968 9899
1 w 50160 24334
0 w 51608 9620
0 r 84424
1 r 50956
0 r 116968
0 w 83708 14592
1 w 50932 31751
1 r 84020
0 w 117348 10173
0 w 115756 18377
0 r 86508
1 r 86348
1 w 85284 7509
0 w 52832 10682
0 r 118868
1 r 53368
0 r 50908
1 r 119228
1 r 53820
1 r 119496
0 w 84428 32714
1 w 83960 9880
1 w 51764 31434
0 w 85136 3175
1 w 118120 25032
1 w 118000 15134
1 r 86236
1 w 116744 10837
0 w 51056 12092
0 r 84916
1 w 116348 2154
0 w 118060 30535
1 r 86340
1 r 52728
0 r 119004
1 r 116384
0 w 118396 24423
0 w 85096 22913
1 w 116576 30078
0 r 52076
0 r 118520
0 r 52532
0 w 85408 17639
0 r 52280
1 w 83840 157
0 r 50052
1 w 84752 15360
1 r 53784
1 r 52136
0 r 84572
0 w 85656 29213
0 r 117480
0 w 51552 29248
1 w 51104 9325
0 w 50620 16925
0 w 115544 25614
1 w 85340 17316
1 r 83824
1 w 85408 19585
1 w 51828 4755
1 r 86384
1 w 83012 26461
0 r 118100
1 r 84628
1 w 117844 29725
1 r 52960
1 r 84524
1 w 118512 26812
0 r 85428
0 w 86192 23117
1 w 50956 31207
0 w 86608 18829
0 w 53272 17599
0 w 115664 25712
1 r 82776
1 r 50920
0 w 50820 19037
0 r 53612
0 w 115660 32626
1 r 84180
0 w 118628 1638
1 w 116984 6044
1 r 117084
0 r 85776
1 w 52996 19641
0 r 84404
0 r 83600
1 r 52896
0 r 116360
1 w 52176 31147
0 w 83412 10003
0 w 83088 20988
1 r 83044
0 r 115536
0 r 52480
1 w 116296 27680
1 w 118592 23631
0 r 119188
1 w 53776 23292
0 w 83900 28082
1 w 50256 21762
1 w 84472 13290
1 r 84240
0 r 53316
1 r 50264
0 w 83552 13249
0 r 83280
1 w 84220 25934
1 r 84180
1 w 86108 13348
0 r 117740
0 w 50948 3841
0 r 51344
1 w 83144 17432
0 r 50504
0 w 50824 19006
0 w 50780 12764
1 r 117268
1 w 117232 8544
1 r 85352
0 r 51212
1 w 50772 5364
0 r 85112
1 r 51264
1 r 83576
0 w 53164 31358
0 w 85664 2305
0 w 86080 1516
0 w 116304 14801
0 w 51408 3174
0 w 118284 12103
0 r 117892
1 r 118252
1 r 52508
1 w 117492 13106
0 r 86536
0 w 82884 4367
0 r 51680
0 w 51848 13083
0 r 82772
1 r 52432
1 r 83696
1 w 53524 22877
1 r 118348
0 w 116104 32246
0 r 115732
1 r 85468
0 w 84424 6052
0 r 86244
0 w 117892 29794
1 r 52924
0 r 82960
0 w 83556 24149
1 r 52116
1 r 115944
1 w 50340 27497
1 w 116004 31458
1 w 50592 4698
1 r 85620
0 r 117792
0 w 118456 7886
0 r 117780
0 w 83040 11015
0 r 84484
1 r 51052
1 r 50268
1 w 52464 29156
1 w 51384 21632
1 r 115540
0 r 118800
1 w 83648 17922
1 w 116556 3974
0 w 52180 15103
1 w 51304 28863
1 w 52860 13222
1 r 115596
0 w 116236 27582
1 r 86396
0 w 118712 8781
0 r 86580
0 r 116064
0 r 118944
0 r 118324
0 w 117304 19986
1 r 82996
1 r 84892
0 r 118224
1 w 86460 2557
1 w 119208 6674
1 w 86696 30494
0 w 118556 4493
0 w 51112 11307
0 r 51268
0 w 84640 23109
0 r 51756
1 w 50756 6793
0 w 84972 4930
1 w 116828 18175
0 w 53772 20265
1 r 119324
1 r 84424
0 r 51824
1 w 119032 31488
0 w 83756 3319
1 w 85668 12080
1 r 118664
1 w 53708 1371
1 w 52676 13469
0 r 84064
0 w 50008 25388
0 r 85696
1 r 116232
0 r 117776
0 r 83432
0 w 53336 17250
1 w 86620 23636
1 w 53240 10055
1 r 52096
0 r 82948
0 r 52424
1 r 52488
1 w 51908 83
1 r 53560
0 r 53108
1 r 118412
0 r 118808
1 r 52852
0 w 83804 16317
1 r 52912
0 r 85880
1 r 116448
0 r 84428
0 w 116740 4595
0 r 85536
0 r 51824
1 w 118380 15445
1 r 83388
1 r 53068
1 r 51968
0 r 50064
1 w 82788 31766
1 w 118704 16940
0 w 117644 23599
1 r 50188
0 r 52848
0 w 52064 4397
1 r 86728
0 w 116384 7591
1 w 83924 3831
1 r 53832
1 w 53064 9014
1 r 86728
1 r 83684
0 w 84056 2431
0 w 85032 6555
1 r 82892
1 w 118608 7210
0 r 50040
1 w 82992 4893
0 r 119056
0 r 118164
0 w 85616 15077
0 r 85620
1 w 115724 2429
1 w 119496 7318
1 r 84900
0 r 119336
1 w 83408 11241
0 r 83008
1 w 52884 8901
1 w 117784 21165
1 w 83480 13340
0 r 82772
0 w 50340 28898
0 w 82820 20095
1 r 84952
0 w 83940 124
0 w 51264 3213
0 r 119368
0 r 117476
1 w 117092 11862
1 r 85296
1 w 116860 342
1 w 50040 31893
1 w 83512 13005
1 w 86528 29228
1 w 52556 26808
1 r 117416
1 w 117268 25756
0 w 85956 17243
0 r 50792
0 w 116736 13624
1 w 119356 5802
0 r 51784
1 r 85732
1 r 86108
1 r 117168
1 r 86268
0 w 84516 30874
1 w 118132 19962
1 w 53516 22246
1 r 50212
0 w 118320 12825
1 w 116980 7917
1 w 86484 4739
1 r 84140
0 w 84800 7065
1 r 84756
0 w 117640 23909
0 w 53172 12723
0 w 116208 7498
1 r 52808
0 w 52140 22157
0 w 85848 15301
0 r 116864
0 r 51516
0 r 116164
1 w 86588 7649
1 w 86120 24685
0 r 53676
0 r 119448
0 w 51124 15407
0 r 116948
1 w 52456 31758
0 w 118280 32543
0 r 52280
1 w 83952 3095
1 w 119260 2823
0 r 53408
1 w 50784 9289
1 r 83772
1 r 118656
1 r 84772
1 w 50552 27665
0 r 51312
1 w 52168 14548
1 r 52800
0 w 83088 22924
1 r 86344
1 w 53848 13223
0 r 83104
0 w 52400 22311
1 w 85540 5211
0 w 53132 5587
1 w 85132 11459
0 r 119044
0 r 52472
1 w 116020 22741
1 w 82864 20604
0 r 53196
1 r 83028
1 w 118200 2663
1 r 50136
0 w 117360 19277
0 w 84892 7414
1 w 53712 5633
1 r 116980
1 w 53516 9761
0 r 51224
0 w 119340 5275
1 w 84276 32690
0 r 50392
1 w 50868 12437
1 w 53068 26293
0 w 50120 6796
1 r 51568
1 w 83028 8703
1 w 117748 7323
1 w 83292 24645
1 r 84620
1 r 84916
1 r 51556
0 r 83112
1 w 118204 22385
1 w 85896 13178
1 r 52012
0 r 116256
1 r 119056
0 w 53020 7280
1 r 50144
1 w 115984 31502
0 w 51348 24706
1 w 118072 25923
1 w 50636 17512
0 w 118580 4120
0 w 118200 12475
0 w 50908 6224
1 w 116304 14422
0 r 84676
1 r 85432
0 r 53212
0 w 119144 8131
0 w 85616 5202
0 w 116736 206
0 w 85648 2986
0 w 83036 13807
1 r 85908
0 r 86640
0 w 116156 20042
0 r 119220
1 w 85032 4810
0 w 116804 32107
0 w 84236 4018
1 w 118336 5797
0 w 86244 8780
1 r 117236
1 w 50068 24464
0 r 118096
0 w 52104 7117
1 r 86080
1 r 117172
1 w 83996 28635
0 r 117552
0 r 84660
1 r 53836
0 w 115556 13299
1 w 50900 7807
1 r 83332
0 w 51984 28255
0 w 118220 31832
1 w 83604 1955
1 w 83556 2579
0 r 53980
1 w 82868 5704
0 w 50448 25430
1 r 51644
1 w 117128 13999
0 w 116400 26823
0 w 83976 15955
0 w 116404 11404
0 w 53800 12633
1 r 84400
1 r 51936
0 w 52052 21794
1 w 117804 30723
0 r 86628
0 r 86708
0 r 51096
1 r 118320
1 r 85136
1 r 50888
0 w 116012 17225
1 r 117528
0 w 118832 2204
1 w 85384 8687
0 w 83076 15780
1 w 118072 26459
0 r 82948
1 w 53132 7111
1 r 85564
1 w 117216 24460
1 r 83172
0 w 51944 15457
1 r 117708
0 w 86616 27315
1 r 84432
0 w 116344 30692
1 w 84328 6463
0 r 118276
0 w 83016 25988
0 r 53196
1 w 52124 17624
1 r 116668
1 r 117120
0 w 119108 23524
1 w 117852 31934
0 r 117844
0 r 116312
1 w 116340 13810
0 r 116012
1 w 83640 30272
0 r 50896
0 r 83392
0 r 84796
0 r 85424
1 r 86196
0 r 83064
1 w 52108 6521
0 w 84468 32421
0 r 117584
1 w 50664 25112
1 w 86016 25405
1 r 116872
1 w 83316 17021
1 w 119196 18390
1 r 51760
0 r 118448
1 r 50684
1 r 85448
0 w 84964 27908
1 w 84768 9768
0 w 86756 30319
0 w 82804 16251
1 w 52008 15128
1 w 84976 3942
1 w 86632 4613
1 r 53752
1 r 84348
1 w 52516 23427
0 w 116788 24554
0 r 118472
1 r 117932
1 w 86472 11946
0 w 52236 1106
0 w 115724 6719
1 r 118992
0 r 85332
1 r 85516
0 r 117220
0 r 117128
0 r 84520
0 r 117792
1 r 118048
0 r 52136
1 w 51464 22752
1 r 86404
1 w 52212 1704
1 w 85428 32078
1 r 119076
0 r 85880
1 w 53212 16963
1 w 83120 17884
1 w 115896 24941
0 r 53824
0 r 86028
0 r 118588
0 w 118088 17972
0 w 51432 25820
1 r 86076
0 r 86616
1 r 118524
0 w 84732 155
0 r 82828
1 r 53436
0 w 115688 4011
1 r 116812
1 w 117616 28857
0 r 51936
0 w 52620 21254
0 w 53624 22330
0 w 50412 3953
0 r 83064
1 w 119344 12090
1 w 50228 17704
0 w 84084 22135
0 w 53244 5051
1 w 50528 9686
0 r 86188
1 w 83600 27009
1 w 51988 25136
1 w 83864 9765
1 w 51680 20889
0 r 85652
0 r 85008
0 w 52628 23105
1 w 53824 29165
1 w 53388 23364
0 w 119188 15252
0 w 53956 11110
1 w 82940 5697
1 w 52396 16907
0 w 50668 29505
0 r 52700
1 r 51756
1 w 118308 22813
0 w 82804 4733
1 r 52564
0 w 84296 28498
0 r 116300
1 r 53780
1 r 86580
1 r 119348
0 r 119436
0 r 83328
0 w 83532 8278
0 w 84948 10272
1 r 85672
1 r 85592
1 w 117840 6026
0 r 82896
0 w 83308 29961
1 w 118128 4061
0 r 50276
1 r 84536
0 w 52436 23728
0 w 84384 7909
0 w 84752 28173
0 r 53156
1 r 116276
1 w 85780 19681
1 w 86760 7910
0 r 86316
1 w 83276 16056
1 w 117464 20161
1 w 117476 9220
1 w 84716 23572
0 r 53452
0 w 51740 17793
0 w 52140 8978
0 w 116836 21483
0 r 85084
0 r 50056
1 r 118764
1 r 117576
1 w 85064 2021
0 r 51804
0 w 119324 13107
0 w 50808 6483
0 w 115964 23771
0 r 85312
0 w 51448 12901
0 r 53872
0 w 116620 16870
1 r 119020
1 r 86192
0 w 86304 1981
1 w 85916 28751
1 w 84416 5415
0 r 51564
1 r 83148
1 r 86344
1 w 85396 19009
1 r 84620
0 r 53648
1 w 52604 22946
1 r 50144
0 w 85716 23896
0 w 83572 31083
1 r 118888
1 r 51956
1 w 83120 17224
1 r 85376
1 w 116608 10578
1 r 116640
0 r 52980
1 r 50412
1 w 83516 25530
1 r 116720
1 r 85664
0 r 51748
0 w 50508 21683
0 w 84240 11092
0 r 119320
0 w 117836 23237
1 w 51212 31938
0 r 84452
1 r 86196
0 r 118392
1 w 86252 28778
0 w 84756 31899
1 r 117064
0 r 84856
0 w 50728 16476
1 r 117276
0 r 116696
1 r 117036
0 w 84664 15090
1 r 53088
1 w 117740 12270
0 r 50920
0 w 86424 31452
0 w 82868 26452
0 r 86432
1 w 82876 7735
1 w 52700 30490
0 w 83576 26035
0 r 51564
0 r 85988
1 r 116812
1 w 117684 7337
1 r 86360
1 r 82968
0 r 118492
1 w 50376 12036
0 r 117840
1 r 116480
0 w 52396 26180
0 w 85784 5870
0 w 116504 25407
0 r 53312
1 w 116764 13351
1 r 53688
1 w 50276 15696
0 r 82888
0 w 116784 6074
1 w 50668 17246
0 w 51300 6721
1 r 119232
1 r 85696
1 w 50236 25008
1 r 117676
0 w 84904 30649
1 r 51192
1 r 117156
0 w 85436 18751
0 w 85080 6009
0 w 118800 13208
1 r 117072
1 w 118676 22972
1 r 116464
0 r 51540
0 r 51888
1 r 117476
0 r 115828
0 w 51048 18551
0 w 82988 9557
0 w 53028 29158
1 w 119348 29429
0 r 83892
1 w 53324 17683
0 r 52980
0 r 83896
0 r 53656
0 w 84272 30525
0 r 84928
1 w 116312 2421
0 r 85540
1 w 83292 26154
1 r 52088
1 w 119148 8432
1 r 84344
0 r 115852
0 r 117752
0 w 117076 4927
1 w 118408 9895
0 w 116292 3520
1 w 115556 21713
0 r 85136
1 w 82776 29686
0 w 117672 4826
0 w 118860 7434
1 w 50320 4951
0 w 117752 15745
1 w 86372 163
1 r 85476
1 r 84344
0 r 50324
1 r 119188
0 r 82828
1 w 82912 26146
1 r 52444
1 r 119068
0 r 84176
1 w 116988 15420
1 r 85048
0 r 118836
0 r 117308
0 r 83948
1 r 118400
1 r 117204
0 r 117712
0 r 86028
0 r 50112
0 r 52696
1 w 51336 843
1 r 85160
0 w 86028 7912
1 w 85740 5506
1 w 84344 11090
0 r 51144
0 w 117336 8539
1 r 53796
0 w 50612 5772
0 r 115744
0 w 83608 18871
1 r 51432
1 w 118616 28295
1 w 119136 20501
1 r 119328
0 r 119212
1 w 119152 29719
0 w 50152 22802
0 r 116100
0 w 51368 4155
0 w 53384 12077
0 w 83632 19787
0 w 118560 26821
1 w 52652 26379
1 w 52728 8681
0 w 83684 22297
1 w 51816 1542
1 r 117716
0 w 52488 4847
0 w 85288 31040
0 r 50132
0 w 83836 15853
0 r 116548
0 w 85836 17267
0 r 83620
0 r 119012
1 r 53116
0 r 85988
1 w 50540 30959
0 w 116000 30013
1 w 83436 21930
1 w 51880 19010
1 r 85360
1 w 84452 19071
1 w 118628 11248
1 r 53488
0 w 119176 26790
1 w 116360 17503
1 r 53064
0 w 83276 5391
0 w 117808 10220
0 w 53652 19022
0 r 117496
0 w 85780 14103
1 w 83756 12960
0 w 117140 16375
0 w 51668 14812
0 r 50816
1 w 51064 23989
1 w 116756 9704
1 r 84648
1 w 52824 9018
1 r 119032
0 w 116220 8817
1 w 84036 25583
1 r 116856
0 w 118540 13673
1 w 52552 22218
0 w 118216 16576
1 r 119480
1 w 119288 3035
0 w 115680 9338
1 r 84020
0 w 53568 15366
1 r 118276
0 r 83160
0 w 85952 4211
0 w 52072 10683
0 w 117068 26798
0 w 51984 25988
0 w 117276 2206
0 w 83752 18270
0 w 84128 134
1 r 115672
0 r 53544
0 r 53896
1 r 52892
0 r 53616
0 w 51476 10246
1 r 50812
0 w 83252 29597
1 r 116444
1 w 117004 14958
0 w 50400 2251
1 r 50600
1 w 52340 1850
1 w 83792 20631
0 r 116624
1 w 53800 7417
0 w 86204 14687
0 w 51168 17790
1 r 86096
1 w 82908 16198
1 r 118204
1 w 53296 9817
0 w 83820 31668
1 r 86032
0 r 118204
1 r 117904
1 w 52968 10466
0 r 115856
1 r 116192
1 w 117668 27463
0 r 118148
0 r 50480
1 r 119072
1 r 116916
1 r 83208
1 r 118040
1 r 51548
1 w 52976 24017
1 r 83932
0 w 83868 21861
0 r 51372
1 w 116756 3688
1 w 117788 1210
0 r 118568
1 w 84868 19023
0 w 86048 26458
1 r 84180
1 w 83096 16115
0 w 50296 16202
1 w 118504 8394
0 r 51080
1 w 51732 19544
1 r 84988
1 w 52600 6842
1 w 83688 13715
1 r 53016
1 r 50584
0 w 50360 27234
1 r 84272
0 w 85236 22433
0 r 119288
0 r 118376
1 w 50584 14360
0 r 117476
0 w 51488 19683
1 w 85756 3174
0 w 50364 9909
0 w 50260 30037
1 r 86584
1 r 84012
1 w 116772 29828
0 w 118188 9397
0 r 86300
1 r 50592
1 w 115572 5584
1 w 83544 18030
1 w 53584 3514
0 r 52220
0 r 53792
1 r 115928
1 w 84104 1811
0 r 118552
1 w 118300 24060
1 r 85728
0 r 86080
1 w 86132 6743
0 r 52380
0 r 85400
0 r 83912
1 w 118032 12191
1 w 50720 11200
0 r 85172
0 w 86364 21962
1 w 84388 23402
1 w 117960 17683
1 w 52120 22649
1 r 53664
0 r 85504
1 r 117404
1 w 116124 30669
0 r 85160
1 w 85004 10725
1 r 50700
0 r 50820
0 w 86324 17715
1 w 83440 15964
1 w 83872 24276
1 w 50068 21589
1 r 83796
1 w 51040 20685
0 w 119164 21791
0 r 50664
0 r 51680
1 r 115576
1 r 50448
0 w 86504 31763
0 r 50144
0 w 85276 30872
0 w 84352 15622
1 r 117300
1 r 116912
0 r 118080
0 w 116756 29958
1 r 116788
1 w 115592 25156
1 r 53108
1 w 51828 25985
0 r 51056
0 r 84508
0 r 117088
1 r 50092
0 w 53512 4689
0 r 51428
1 w 83052 26367
0 w 117876 2250
1 w 84780 30351
0 r 117936
1 w 83876 1573
0 w 116072 9871
1 w 116156 17970
0 r 119472
0 w 117644 9293
0 r 84608
0 r 50828
1 w 118952 27232
0 r 84868
0 w 52196 23251
0 r 85760
1 w 84036 11857
0 r 119032
1 r 85788
0 r 50636
1 w 50316 17874
0 w 118500 30763
0 r 53616
0 w 84080 17313
0 r 51484
1 r 50336
0 w 85432 15018
0 w 84552 30582
1 w 118804 3882
1 r 119392
1 r 86508
1 w 84088 25608
1 w 50932 26806
1 w 84296 14680
0 r 115876
0 w 117016 8296
1 r 116436
0 w 50108 14083
1 w 118788 22472
1 w 51476 24620
0 w 84132 10825
0 w 84512 9094
0 w 50320 30916
1 r 83908
1 r 52636
1 w 117496 23982
0 r 53496
1 r 86068
1 r 53708
0 w 86208 25254
0 r 50408
0 r 51548
1 w 51804 12704
1 w 50776 842
0 w 52084 4907
1 r 86060
0 r 118108
1 r 51204
0 w 85756 18903
1 r 52068
0 w 52748 940
0 w 52760 4172
0 r 53368
1 w 51632 24602
1 r 84792
0 r 52360
0 r 116436
1 w 117972 1641
1 r 85880
1 r 51516
1 w 50680 328
0 r 85628
1 r 52852
1 w 84344 28898
1 r 53420
0 r 116396
0 w 117916 10117
1 r 52028
0 w 116296 29420
1 w 83164 5882
1 r 83728
0 w 53852 22850
1 w 118116 26030
0 r 50596
0 r 118304
1 w 117252 11994
0 w 86208 1433
1 w 82920 27433
1 r 50628
1 w 51712 7765
1 r 51160
0 w 116064 8683
1 r 118368
0 w 85644 18845
1 r 85880
1 w 85232 19888
1 w 83212 8163
0 w 86024 26475
1 r 52556
1 w 51864 11835
1 w 51908 832
0 r 84636
1 w 116704 21975
0 r 84304
1 w 50268 8933
1 r 51196
1 r 83220
0 r 83816
1 w 83404 3740
1 r 52332
0 r 53976
1 w 119032 20032
1 w 118552 30586
0 w 115720 1058
1 r 117304
0 r 116140
1 w 85852 22916
1 r 52996
0 r 83120
1 r 86016
1 w 84212 7572
1 r 82868
0 w 116336 8028
1 r 53732
1 w 116372 6012
0 w 85216 10976
1 r 51876
1 w 85780 18416
1 r 118096
1 r 50788
1 r 51076
0 w 52548 12677
1 w 51096 28045
1 r 118592
1 w 85412 11324
0 w 85300 13402
0 w 118716 4854
1 w 83980 17311
0 r 53188
0 r 52692
0 r 83240
1 w 86088 19357
1 w 82828 29832
0 r 52076
0 w 83104 16502
1 r 84900
0 r 84992
0 w 85224 15860
0 w 86476 8362
0 w 83160 13037
1 w 52140 18710
1 r 86040
1 w 117612 15595
1 w 83328 6045
1 r 83396
1 w 82788 11546
1 r 53440
0 r 83180
1 r 50432
0 w 52096 15877
1 w 119396 10653
0 r 83332
1 w 52416 11076
1 r 50140
0 r 117104
0 r 51820
0 w 50876 32576
1 r 84968
1 r 85336
1 w 119072 20944
0 w 53444 28713
1 r 117972
0 r 118224
1 r 117680
0 r 52412
0 w 50936 25395
0 r 50796
1 w 85040 18510
1 w 50520 23877
0 w 119172 14925
0 w 118868 17065
0 w 117920 13119
0 w 50892 4020
0 r 84076
0 r 52208
1 w 52456 9250
1 r 53684
1 r 83240
1 w 50924 22166
0 w 85976 29919
1 r 84812
1 w 83408 29460
1 r 86444
0 r 86116
1 r 85468
1 r 116832
0 w 115628 32107
0 w 86072 5193
0 w 117676 28074
1 w 50216 1342
1 r 50668
1 w 84668 16323
1 r 84108
1 r 118536
1 r 86088
1 w 116196 24345
0 w 52296 28133
1 r 53272
0 r 86584
1 w 118028 27753
1 r 86180
0 w 84308 22979
1 w 51724 3847
1 w 50940 9123
1 r 116884
1 r 52700
0 w 116608 29908
1 r 116772
1 r 116572
1 w 52240 11842
0 w 53716 12337
1 w 53820 26475
0 r 83528
0 r 51976
1 r 117988
1 w 117540 19566
0 w 53312 3297
1 r 51244
0 r 118988
0 w 51372 28075
0 w 116244 14915
1 w 50804 1839
0 r 52344
0 r 117024
0 w 85952 22633
0 r 85516
0 w 52268 2774
0 w 117604 3537
0 r 118232
1 r 86380
1 w 52228 8100
1 w 53560 23145
1 w 51972 4817
0 r 83364
1 w 119292 22862
0 r 51660
1 w 118564 6807
0 w 117808 26834
0 r 117620
1 w 51384 15094
0 r 51300
0 r 52120
0 w 83036 13623
1 w 116416 5514
0 r 116944
1 r 119368
1 r 52332
1 r 53348
0 w 84708 29571
1 w 52228 3713
0 w 84148 8154
0 r 83204
0 r 51348
1 r 82928
1 r 53088
0 w 82992 18574
1 r 83292
1 r 86752
1 r 86076
1 r 50416
1 w 82916 11589
0 w 86588 18421
1 w 51344 11660
1 w 86324 31156
0 w 85140 12129
0 r 116396
1 w 85860 30980
1 r 119312
0 w 117624 11373
0 w 115552 20195
0 w 84212 15681
1 r 85316
1 r 85732
0 r 116388
1 w 86592 28207
0 r 52636
1 r 83304
1 r 50188
1 r 117480
0 r 53508
0 r 115852
1 r 50276
0 w 51616 28764
0 r 119004
0 w 52680 11552
0 w 83932 3803
0 w 118112 29233
1 w 84100 3126
1 r 118632
1 w 117420 3570
0 r 50236
1 w 52168 5566
0 r 51060
1 r 116604
1 w 52960 10307
0 r 52512
0 w 118652 20867
0 w 117868 11103
0 w 118940 18867
0 r 115692
1 r 83320
1 r 117868
0 r 84444
1 r 116940
1 w 85760 19841
0 w 50036 16174
1 w 83488 26529
1 r 119448
0 r 117940
1 r 84340
1 r 85012
0 r 50568
1 w 119096 32729
0 r 53360
0 r 119312
0 r 82780
0 r 119508
1 r 119412
1 w 50040 18440
0 r 117536
1 r 84636
0 w 84164 9483
1 r 52996
1 w 86192 25795
1 w 85376 16616
1 w 52024 6872
1 r 115952
0 w 51484 11726
0 r 85492
0 r 119276
1 w 85164 10977
1 w 82840 2040
0 r 84764
0 r 51096
0 r 118252
0 r 83624
1 w 116984 18550
1 r 83684
0 r 50240
0 r 51152
0 r 53900
0 w 84324 21395
0 w 119280 10387
0 w 86536 13038
0 w 50824 9757
1 w 52164 7381
0 w 117032 25499
1 r 86144
1 r 53276
0 w 85532 12444
0 r 51340
0 w 116264 24084
1 r 116608
1 r 83124
0 w 82976 18930
0 w 51904 2822
1 w 86312 1094
0 r 118984
0 r 118788
1 w 84684 21868
0 r 52192
0 w 117408 21937
1 w 84400 24
1 r 83352
0 r 116328
0 w 84132 16221
0 r 82824
1 r 117312
0 r 50568
1 r 51892
0 r 117212
0 w 117828 14304
1 r 119312
1 r 52252
0 w 50368 3923
1 r 50312
0 r 53720
1 r 83012
0 r 51492
1 r 115752
1 r 115736
0 r 116080
1 w 50520 503
0 r 118424
1 w 118636 21681
1 r 51440
0 r 83396
1 r 50972
0 w 116948 30476
0 w 118188 31001
0 w 116376 14227
1 w 116584 21495
0 w 86240 20515
0 w 117652 23705
0 w 119308 12511
1 r 117776
0 w 84860 2541
1 w 53516 11811
0 r 84428
0 r 116656
0 r 84760
1 w 116556 2578
1 w 51124 4130
1 r 53044
1 w 53288 24573
0 w 115704 15133
0 r 51580
1 w 119180 4829
0 w 53904 25148
0 w 116624 6286
0 w 115748 14347
0 w 82804 22433
1 r 52360
0 w 117876 7602
0 r 83164
1 w 51948 27833
1 r 119136
0 w 115748 11922
0 r 86744
1 r 83176
0 r 50528
0 r 84904
0 r 85516
1 r 118836
1 w 52052 29531
0 r 86684
0 w 118876 10430
1 r 118744
1 w 119220 14527
0 r 84180
1 r 116444
1 w 119476 8955
0 r 53376
0 w 115808 2470
0 w 118376 22733
1 r 116000
1 r 86444
1 w 117468 14759
1 w 117808 2204
0 w 53292 25964
1 w 85032 20648
1 w 118436 24995
1 w 117800 4361
1 w 84452 11781
0 w 50804 4392
0 w 118280 18273
0 w 118588 31514
0 w 116236 20315
1 w 50404 14738
1 w 86632 31747
0 w 86744 25374
1 r 52828
0 r 119240
1 r 82780
1 w 51168 5136
0 w 83028 30575
0 r 86076
1 w 85156 1070
0 r 116416
1 w 50232 21979
0 w 115544 30237
1 r 83000
1 r 53648
1 w 84308 26181
1 r 119172
0 w 84060 14239
1 w 117564 23705
1 r 52456
1 w 119296 6350
1 r 85480
1 r 116400
1 w 117360 29931
1 r 115556
1 r 119360
1 r 85972
0 w 53784 30767
0 w 115956 4949
1 r 86152
1 w 52112 32499
0 w 117268 31590
0 w 83344 4502
1 r 84444
1 w 85928 28142
1 w 86048 23208
1 w 116368 9635
1 w 117892 29829
1 r 118168
0 w 86368 20269
0 r 85844
0 r 116100
0 w 86652 12259
1 w 118280 12446
1 r 52416
1 r 117884
1 w 86064 23276
0 w 50092 4524
0 w 116612 10053
0 w 86548 18599
0 r 117292
1 w 84108 19428
0 w 85764 6538
1 r 85624
0 r 85828
0 r 84656
1 w 52420 22945
0 w 53804 22151
0 r 84292
0 r 53520
1 w 51824 8377
0 w 84276 19919
0 r 84324
0 w 116480 27459
1 w 83212 30130
0 w 86564 26685
1 r 115744
1 r 117968
1 r 84920
1 w 51940 31922
0 r 51216
1 r 53888
0 r 115840
0 w 52348 32723
1 w 51848 10810
0 w 119216 31361
1 w 116304 5014
1 r 84508
0 r 53596
0 r 50012
0 r 84796
1 r 52180
1 w 53112 11191
0 r 84908
0 w 52696 15922
1 r 117868
1 w 86088 30584
1 w 117780 29784
0 w 53028 9405
0 r 85468
0 r 53596
1 w 51564 23408
0 r 50400
1 r 84464
0 r 52108
1 r 118808
1 w 53424 14638
1 r 50944
0 w 84456 10337
0 w 52584 9090
0 r 118368
0 w 52568 15783
1 w 118088 32474
1 w 53136 12212
0 w 118720 21707
1 r 50512
0 r 86000
0 w 118060 4461
0 r 117384
0 w 53436 11430
0 w 119372 30405
1 w 117348 26227
0 r 117620
1 r 118388
0 w 52132 19481
0 r 51368
1 w 85724 23694
0 r 83848
1 w 50304 4914
1 w 116340 23319
1 r 52812
0 r 115580
1 w 119480 24377
1 w 52368 12375
0 r 50180
0 r 118172
1 r 51632
1 r 117272
0 w 83104 4944
0 w 116524 18080
0 r 116640
0 r 117072
1 r 84516
1 w 119204 21643
0 w 118144 17729
1 r 50092
0 r 84852
1 w 85312 15562
0 r 118952
1 w 86236 1866
0 w 52008 14490
0 r 83768
1 r 118408
0 w 53956 21668
1 w 116676 2431
0 r 52884
1 w 116396 20926
1 w 83012 24548
0 r 86060
1 r 51724
0 w 86052 27143
0 w 50520 27749
1 w 83380 12191
1 w 84196 31106
1 r 117432
1 r 86484
1 r 84612
0 w 53556 21876
1 r 53676
0 r 53312
1 r 117560
0 r 115916
1 w 117504 6347
1 w 83620 14007
0 r 51500
0 r 84612
0 w 118300 10950
0 w 52828 8619
1 w 53692 29437
1 w 53864 5480
0 r 86584
0 r 84028
0 w 50384 9828
1 w 115796 10803
1 w 119276 9345
0 w 85916 13458
0 w 85904 1028
1 r 52376
0 r 86132
0 r 53464
0 r 118768
0 r 83764
1 w 85724 5375
0 w 84124 1451
1 r 117280
1 r 50100
0 r 84636
1 w 84092 31805
1 w 119448 14858
0 w 52092 26443
1 w 116736 25659
0 r 118896
1 r 85504
0 w 52576 7277
0 w 84592 22034
0 r 118980
0 r 84080
1 w 50108 7361
1 w 117628 10867
0 w 50428 564
1 w 51796 21744
0 r 83532
0 w 84476 18199
0 w 51220 23415
1 w 83516 31592
0 r 50512
0 w 52252 22697
1 r 51116
0 r 52472
1 r 84768
0 w 118964 25325
1 r 115980
1 r 118464
0 r 83876
0 w 84328 28963
0 r 116128
0 r 52624
1 w 84016 13633
1 r 51080
0 w 51180 26379
1 w 51560 20791
1 w 51988 23648
0 w 50576 20459
0 w 83820 2071
1 w 85648 11894
0 r 53888
1 w 52080 25454
1 r 52144
0 r 85972
1 r 51724
0 r 85688
1 w 83916 4176
1 r 53444
0 w 50248 11569
1 r 118996
1 r 53216
1 r 50736
0 r 85000
1 r 83316
1 w 85524 20296
1 r 117116
1 r 86344
0 w 82996 25479
0 r 118680
1 w 85024 13999
0 w 50520 6415
1 r 53668
1 w 117924 2495
0 r 83680
0 w 84760 23096
0 w 86744 23978
0 w 116572 30966
1 w 83500 4170
1 w 53528 23769
0 r 86488
1 r 83628
0 w 52908 23560
1 w 53368 12003
1 w 85848 16233
0 w 83752 30030
1 r 51828
1 r 52496
1 r 53144
1 w 85964 2921
0 r 116452
0 w 86176 28588
1 w 53316 26998
1 w 85664 5703
0 r 52620
0 w 83072 27105
1 r 116788
0 r 85684
0 w 115672 13017
0 w 84276 17552
0 r 51440
1 w 53028 32358
1 w 117260 10314
0 w 118708 5047
0 r 83248
1 w 52072 29532
0 r 119064
1 r 50024
0 r 83500
1 w 51220 11750
0 r 85864
1 r 53256
0 w 83800 4241
1 r 115828
0 w 116340 4264
1 r 85824
1 w 84112 27786
0 r 116524
0 r 116312
0 w 51276 17532
0 w 82968 4276
1 r 53948
0 w 53752 1427
1 r 86672
0 r 83368
0 w 84948 3952
1 r 115920
0 r 50004
0 r 119004
1 r 52688
0 w 118612 5757
0 w 86112 13739
1 r 50124
1 r 118856
1 w 53708 2634
1 w 118648 8746
1 w 85228 19167
0 w 84908 25233
0 r 53552
0 r 84964
0 r 118152
0 w 119212 13763
1 r 52952
0 r 82888
0 r 50324
0 r 85572
0 w 86280 23457
1 w 84348 834
1 r 84952
0 w 50524 17439
0 w 85816 11926
0 r 53596
0 r 118332
1 r 86716
1 r 53660
1 r 52412
1 w 52512 26997
1 r 50912
0 w 50648 29540
1 w 52872 10851
1 r 86480
1 r 82944
0 r 119176
1 w 53072 26556
1 r 86756
1 r 86444
0 r 82904
0 w 84768 17296
0 r 50840
0 r 118576
0 w 52396 20939
1 w 118536 9569
0 w 86600 22941
1 w 51852 29812
1 w 116932 3260
0 r 52248
0 r 51880
0 r 117632
0 r 85060
0 w 85480 28493
1 r 84616
0 r 119128
0 r 83356
1 w 116644 21523
1 w 117788 6965
1 r 84460
0 w 51608 7799
1 w 84164 18774
1 r 53200
1 w 118876 10957
0 w 118508 23621
0 w 117308 16314
0 w 52044 31632
1 w 51592 30586
1 r 85880
0 r 51972
0 w 84600 16662
1 w 83212 994
1 r 83572
1 r 52684
0 w 119512 28529
1 w 50388 19299
1 w 51500 9770
1 w 84568 10
0 w 50604 28252
0 w 52816 482
1 r 82916
0 r 84148
0 w 86164 3892
0 w 85792 2393
0 w 52592 26040
1 r 85572
1 w 51688 12320
0 r 53828
0 r 83804
1 r 116320
0 r 117924
0 r 117452
1 r 51652
0 w 50180 1747
1 w 85588 4948
1 r 118892
1 r 84164
1 r 52108
1 w 119476 2454
0 r 84012
1 r 118628
0 r 85592
0 r 53548
1 r 84228
1 w 115680 14453
0 r 86112
1 w 51916 29759
0 w 117436 25552
0 r 85392
1 w 84656 5188
0 r 117496
0 r 52344
1 r 118332
0 r 118912
0 w 83964 11225
0 w 51340 2569
1 r 116772
0 r 118904
1 w 51988 2857
0 r 116952
1 w 116220 9457
0 w 52148 29799
1 r 50408
0 w 118848 14557
1 r 82948
0 w 118496 10291
0 r 86316
0 w 116020 29421
1 w 118436 655
0 r 53400
0 r 52420
1 r 50596
1 w 53352 12462
1 r 50348
1 w 53820 21706
1 r 117884
1 r 83068
0 w 119164 32007
0 r 83948
0 w 117984 16245
1 r 53848
0 w 83124 23477
0 w 50152 31789
0 r 83396
0 r 51564
1 r 83256
0 w 51004 18884
0 r 117628
0 r 116484
1 w 86172 18108
1 w 117520 0
0 r 52184
1 r 86296
0 r 51900
1 r 118480
0 r 86496
1 r 117432
0 w 116180 12576
0 w 53436 29523
0 w 83564 9994
1 w 115564 11656
0 w 85412 27128
1 w 83612 21742
1 r 115544
1 r 50924
0 w 116740 8894
0 r 118888
0 r 52208
1 r 84036
0 w 50364 29131
0 r 86336
1 w 119332 20409
0 r 53280
0 r 50084
1 w 83932 17488
1 r 84404
0 r 53460
0 r 117984
0 w 85652 18172
1 w 51224 29673
0 r 51056
0 w 115536 12416
1 r 116312
1 r 117128
0 w 51288 31681
1 w 115616 32441
0 w 115704 2188
0 w 51120 19136
1 r 86304
1 w 82852 14657
1 r 117152
1 w 83704 26384
0 r 116572
0 r 84784
1 r 51196
1 r 115748
0 w 117608 14925
0 r 118304
1 w 51792 1734
1 w 53632 28291
0 r 50624
1 w 53860 24906
1 r 119172
1 r 116556
0 w 117964 19036
0 r 50812
1 r 82840
0 r 51752
0 r 51988
1 w 51096 5541
0 w 116136 17801
0 w 50908 3559
0 r 85540
1 w 116504 87
0 r 117164
0 w 53504 17399
1 w 53524 7802
1 r 85876
0 w 51808 27768
0 w 84308 30807
1 w 53080 21181
1 w 50060 27710
0 r 51096
1 w 50108 13543
0 w 115568 4873
1 w 53304 27530
0 r 119336
0 w 51748 3823
0 r 85088
1 r 116956
1 r 53880
0 r 50060
0 w 83336 4330
1 w 53748 17068
1 r 115676
1 w 52208 6081
1 w 118364 25983
1 r 84988
1 r 52884
0 r 83904
0 r 85416
0 w 116348 12215
1 r 53168
1 r 83112
0 w 53640 26014
0 r 117588
0 w 83372 5801
1 w 53576 22898
1 w 116912 21619
0 r 119360
1 r 116396
1 r 82820
1 r 118376
0 w 52080 2496
1 r 119364
0 w 51284 18039
1 w 83472 4898
1 w 84256 15057
1 w 83292 15525
0 r 117088
0 r 83988
0 w 117660 8258
1 w 117756 19275
1 r 53204
0 w 118848 17966
0 r 84676
0 w 117988 26290
1 w 86328 30293
0 r 116944
1 r 52716
1 w 85340 20481
0 w 116828 6836
1 r 50516
0 w 117772 29373
1 r 118708
0 r 116504
0 r 116116
0 r 51712
1 w 51932 9225
0 w 82780 11573
0 w 50764 32116
1 w 86084 2985
1 r 83704
1 w 83816 15832
1 w 86056 21088
1 w 116048 25966
1 w 83624 18099
1 r 52924
0 w 51508 23509
0 r 50728
1 w 116184 1450
1 r 53428
1 r 51712
1 r 52988
1 r 84060
0 r 86396
0 r 51560
0 w 52640 23483
0 w 116892 6474
1 w 118748 22313
1 r 52196
0 r 50624
0 w 83940 27844
1 r 84412
0 r 52376
0 w 83184 8929
1 w 83508 6526
1 r 53108
1 w 86252 8487
0 r 50492
1 w 86328 30686
0 r 117112
0 r 86088
1 w 83836 30291
1 w 85828 3413
1 r 117180
0 r 85852
1 w 119048 26352
1 w 50016 4611
1 r 85756
1 w 83392 10731
0 w 119400 31011
0 w 83776 11935
0 r 118816
0 r 116460
1 w 52704 13799
1 r 83580
0 w 52444 20433
1 w 117408 26565
0 r 50624
0 r 118724
0 r 86468
0 r 51552
1 w 50084 12478
0 w 117076 20099
0 w 119424 15521
1 r 117332
1 r 86332
0 r 86028
0 r 116856
1 w 117168 1027
1 r 115984
0 r 86368
1 w 86372 18222
0 r 85152
1 r 116364
1 r 116276
1 r 86108
0 r 116740
1 w 85016 2543
0 r 115920
1 r 115664
1 w 53008 24107
1 r 86636
0 w 53836 2958
1 w 53252 18627
0 w 117680 10814
1 r 118504
1 r 53144
1 w 115800 26876
0 w 51300 9127
0 w 86504 1591
0 w 84320 22331
0 w 86124 26927
1 r 52924
1 w 84848 15641
0 r 86376
1 r 50572
1 r 118664
0 r 86300
1 w 53820 4445
1 w 53188 6834
1 w 85248 27982
1 r 84464
0 r 50040
1 w 53052 11061
0 r 119484
1 r 116276
0 w 118564 1315
1 r 83440
0 r 117120
1 w 86308 24082
1 w 86452 3051
1 w 118168 1038
1 r 52268
1 w 82860 3802
1 w 119400 13438
0 r 86208
1 r 82832
1 w 52336 28069
1 r 50964
1 w 53332 18201
0 r 84600
0 r 86228
0 r 52812
1 r 51828
0 r 53020
0 w 83236 6637
0 r 117792
0 r 116184
0 r 83984
1 w 117796 22413
1 w 84612 17041
0 w 116856 4163
0 w 86424 7249
0 r 84008
1 w 83644 32626
1 r 84352
1 w 52916 1905
1 w 116880 396
0 r 85012
0 w 116724 7561
0 w 83532 25527
1 w 83980 1793
0 w 85644 17812
1 r 117812
0 w 119244 12363
0 w 85996 18016
1 r 83976
0 r 52180
0 w 86028 26902
0 r 117628
0 r 117128
1 r 52584
0 w 51164 18049
0 w 53256 19296
1 w 50600 27577
0 r 117180
0 w 117472 18299
1 w 86596 29922
1 w 115776 13560
1 w 83624 27516
1 r 83540
0 r 50112
0 r 116776
1 r 50708
1 w 115584 13396
1 r 52784
0 w 117516 26224
1 w 52208 29152
0 w 86540 30806
0 w 85280 1251
0 w 83172 27534
0 r 53608
0 r 51180
1 r 86576
0 w 116184 2836
0 r 53540
1 w 83124 17339
0 w 53288 32055
1 w 53556 7809
1 r 50688
0 w 83684 11796
1 w 83144 15549
0 w 116060 21129
0 w 52316 25036
0 w 52560 21769
1 w 84032 25177
1 w 51032 2432
0 r 85412
0 r 116264
1 r 52816
1 r 51396
1 r 53280
0 r 51276
0 w 83528 16837
1 r 84228
0 w 53084 23771
1 r 116240
1 r 85672
1 r 53388
0 r 53708
0 w 86404 3827
1 r 51304
0 w 51864 16466
0 r 53676
1 w 53728 23020
0 r 53800
1 w 118460 11252
1 w 51464 443
1 r 118628
1 w 50692 17799
1 w 85832 25508
0 r 117032
0 w 115636 3197
0 r 53272
1 w 82956 8423
0 w 50728 10290
1 r 117748
1 w 50816 29814
0 r 117304
1 w 85388 12826
1 w 50768 8316
1 r 86500
1 w 116048 17307
0 r 117308
0 r 52860
0 w 83196 30689
1 r 83992
1 w 86248 3250
0 w 52076 8312
1 r 117652
1 w 84696 31821
0 r 86196
0 r 83320
1 w 86088 7142
0 w 50380 18645
0 r 50304
0 r 52264
0 w 83168 3881
1 w 115956 31677
1 r 86272
1 w 116828 29507
0 r 118716
0 w 116840 31976
1 w 83844 7813
0 w 86052 24985
1 w 118184 22638
0 r 52892
1 w 84148 18219
0 w 51876 23862
0 w 83332 27870
0 r 118348
1 r 118996
1 r 50684
1 w 117280 28433
1 r 118844
0 r 119352
0 w 51360 23879
1 r 117920
0 r 115560
0 r 117500
1 r 51568
1 w 53652 24839
1 w 83216 13373
1 w 50344 8702
1 r 84912
0 r 85180
0 w 53412 20511
0 r 50500
1 r 116644
1 w 52880 32729
0 w 52800 20981
0 w 85804 5768
1 w 84028 23787
0 r 84596
0 r 86160
0 r 85848
0 r 85868
0 w 50172 29475
1 w 50952 15208
0 r 116984
0 w 53032 22124
0 r 50640
0 r 84620
0 r 51292
1 r 50352
1 w 86732 6935
1 r 52464
1 w 84092 17433
1 r 115872
1 w 52436 14049
1 r 51536
1 r 85468
0 r 53988
0 w 85444 17143
1 r 83512
0 r 83688
0 r 52804
0 r 53768
1 w 50748 25912
1 w 115832 6000
0 r 119216
1 r 51096
0 w 84516 2598
0 w 118316 4648
0 r 52864
0 w 84872 10463
0 w 51712 8179
0 r 82952
0 w 116976 22797
0 r 51440
1 r 119312
1 r 51900
0 r 51000
0 r 118820
0 w 116320 31804
1 r 85892
0 w 84580 18954
1 r 50208
1 w 119276 4014
1 r 118436
0 r 118580
0 r 117108
0 w 115600 4975
1 r 51008
1 r 83072
1 w 116616 13018
1 r 117228
1 r 51256
1 w 84344 10813
1 r 118504
1 w 83284 23336
1 r 53824
0 r 119124
1 w 53916 5663
1 w 52028 983
1 r 53088
1 r 50764
0 w 85436 31909
0 w 116952 19914
1 r 115756
0 r 85136
1 r 84616
1 w 84344 8146
0 r 117500
1 w 117144 16380
1 w 85116 22378
0 w 115652 8955
0 w 52204 19586
1 w 52216 5247
1 w 53308 17411
1 r 51688
1 r 118316
1 w 53536 14211
0 w 115940 9206
1 r 52396
1 r 118640
1 w 118280 20762
0 r 118364
0 r 84812
0 r 117680
1 w 115820 11821
1 r 85696
1 w 50540 18679
0 r 85140
1 w 52744 26488
1 w 117532 1797
1 w 84904 8847
1 w 116556 9570
1 r 116868
0 r 118256
0 w 85692 6114
1 w 118668 30106
1 w 53192 20143
1 w 117188 2715
1 w 84412 22930
1 r 85560
0 w 86376 2024
0 w 50876 10384
1 r 86684
1 r 119416
1 r 83956
1 w 117284 8250
0 w 119500 32513
0 w 118236 13537
1 w 53572 12302
1 r 52576
0 w 117184 24225
0 w 52644 5007
1 w 118172 29690
0 r 53540
1 r 115960
0 w 86644 12743
1 r 53532
0 r 51888
0 r 51912
0 r 115800
0 r 84016
1 r 53780
0 w 53804 19928
0 w 116648 15564
1 w 84476 5043
1 r 52640
1 w 84968 31300
1 r 117408
1 w 53408 6277
1 w 84736 31162
0 r 118684
1 r 84720
0 r 117924
1 r 52160
1 r 53508
1 w 118976 5221
0 w 117904 13315
0 r 53012
1 r 116692
1 r 83856
0 w 51552 9336
1 w 83052 28768
0 r 51564
0 r 52964
0 r 52700
1 w 119228 17598
0 r 119156
1 w 116840 12698
0 w 85200 8975
0 w 116948 3809
0 w 52484 15443
0 w 83760 31866
0 w 84140 23450
1 w 117192 1692
0 w 118016 28985
0 r 84316
0 r 116160
0 w 50288 1565
1 w 51548 13558
1 w 83344 1255
1 w 85584 15551
0 r 85408
0 w 118808 22224
0 w 53572 32713
0 r 115664
0 r 116652
0 w 117308 31914
0 w 51496 32366
1 r 118192
1 w 83156 27760
0 r 52804
0 w 86632 8449
1 r 85428
1 w 51976 12601
1 w 82992 27912
1 r 118380
1 r 83528
1 r 50632
0 w 117820 19811
1 w 84740 30820
1 w 118688 8080
1 r 85164
1 r 84000
1 r 116596
0 w 118168 8574
0 r 83640
0 r 117328
1 w 117664 19651
1 w 117260 646
0 w 84540 18392
1 w 50972 19457
1 w 83160 21866
1 r 83100
0 r 85280
0 r 83988
0 r 119092
0 r 51504
0 r 118300
0 w 82984 5413
1 w 51540 4711
0 r 82964
1 r 116472
0 w 115992 6025
1 r 84420
0 r 83484
0 r 86192
0 r 82960
0 r 119480
0 w 53884 20790
1 r 86408
1 w 117556 11637
1 w 84624 7948
1 w 50224 3026
1 w 50144 17241
1 w 52832 18315
1 w 83852 8134
1 w 116412 5028
1 w 52320 12198
0 w 51216 25187
1 r 52156
1 r 82844
1 w 116072 628
1 r 86500
0 r 118104
1 w 50116 23933
1 r 118692
0 w 50060 2199
1 w 84992 6229
1 w 85948 24418
0 r 117140
1 r 50528
0 r 116828
0 r 52380
0 w 53672 5991
1 w 84304 15321
1 w 117032 1076
0 r 86172
1 w 118340 13563
0 r 117256
1 w 53104 9888
1 w 84096 15555
1 w 51640 17352
1 w 117044 12789
1 w 119304 29308
1 r 83872
1 w 116804 25073
0 w 117824 12845
0 w 84528 3082
0 w 86736 19026
1 r 115584
0 w 118728 6972
1 r 84396
1 w 85524 1700
0 w 86256 4121
0 r 116180
0 r 53516
1 r 85412
0 r 52072
0 w 50884 4865
1 r 117064
0 r 53396
0 w 116852 8332
0 w 84876 20012
1 w 86280 25033
1 w 86472 10572
0 r 85092
1 w 52556 8221
0 r 51276
0 w 118580 20595
0 r 117164
1 r 52188
0 r 51248
1 w 119116 12465
1 r 117180
0 w 86084 17771
0 r 118472
0 r 51888
0 r 86500
1 r 117696
0 r 117576
0 r 53176
0 w 51612 20320
0 r 115700
0 w 53100 36
1 r 85172
0 r 85496
0 w 84848 24458
0 r 83452
1 w 50436 11050
0 w 85328 10140
0 r 53716
1 r 51052
0 w 82880 28555
1 r 52120
0 w 119148 19656
1 w 85812 5121
0 w 83892 8976
0 w 52556 15968
0 r 118512
0 r 50228
0 w 119204 11758
0 r 119324
1 r 86504
0 w 86168 2019
0 r 116996
1 w 53232 3775
0 w 84644 22112
0 w 50232 22351
1 w 83292 24812
1 r 116344
1 r 84260
0 r 116208
1 w 117332 23149
0 r 119252
0 r 118136
1 r 116164
0 w 85212 30284
1 w 53824 12576
1 w 84436 24650
0 w 118212 31410
0 w 116924 24205
0 w 116316 24841
0 w 117220 27020
0 w 84784 25827
0 r 118524
0 w 116036 9074
1 w 50460 26495
0 w 52832 24009
0 r 84260
1 w 52888 30976
0 r 53048
0 r 116896
0 w 83788 7159
1 w 52384 15902
0 r 53772
1 w 85448 16735
1 w 117348 29386
0 r 118680
1 r 119312
1 r 85844
0 r 51468
0 w 115712 14594
0 r 83496
1 r 51716
0 r 52512
0 w 52708 29451
0 r 117292
0 r 115568
1 r 117544
0 w 116132 7377
1 r 53664
0 w 115588 26842
1 w 86352 24581
1 w 52680 27940
0 r 53780
1 r 51116
1 w 85380 21926
1 r 115796
0 w 116732 14169
1 w 116520 7305
1 r 52120
0 r 53652
1 w 117800 18417
0 w 118708 11477
1 r 85320
0 w 119500 1311
0 w 53256 11766
0 w 51232 15694
1 r 118420
1 w 52688 9504
1 r 86248
0 w 86364 7710
0 r 118552
1 w 116384 19879
1 w 86636 2974
1 w 51340 19631
0 w 84964 25614
1 w 119344 6656
0 w 50136 7200
1 r 118160
1 w 86720 26558
1 w 115876 3116
0 w 84504 17237
1 r 51616
1 w 83904 8407
1 r 83988
0 w 52860 28479
0 r 83464
0 r 116540
1 r 117004
1 w 115596 6495
0 r 116180
0 w 118960 13806
1 w 52952 31955
0 w 116444 15190
1 w 116392 3261
1 r 118044
0 w 52428 29789
1 w 50560 27591
1 r 83136
1 w 118476 450
1 r 53116
0 w 83308 1921
1 w 85104 28424
0 w 117796 3051
1 r 51156
0 w 51248 2780
0 r 51652
0 w 86648 2468
1 r 82932
1 r 51964
1 w 115812 28853
1 r 86524
0 w 84164 32088
1 w 82936 8623
1 w 50256 1796
0 r 84460
0 r 84708
1 w 116420 9115
1 r 119324
0 w 52036 4083
1 r 119336
0 r 86544
1 w 83808 12945
1 w 85836 8281
0 w 84680 13653
1 r 51284
1 w 117572 20674
1 r 52844
1 w 118520 13313
1 r 53744
0 w 84268 27168
0 w 85488 11461
0 w 85304 19498
1 r 116700
1 r 118224
1 r 52784
1 w 119236 846
1 w 51832 1873
0 r 118540
1 w 83552 14709
1 r 119188
1 w 50548 22147
0 r 116172
1 r 86464
0 r 119396
0 w 86208 3235
1 r 118360
1 w 83696 6576
1 r 115992
1 r 50892
1 w 51856 25805
1 r 84056
1 r 117516
1 w 117860 23563
1 w 85196 2216
1 r 53960
1 r 84064
1 w 53712 18042
0 r 85792
0 w 53068 23887
0 r 117712
1 w 84760 21425
0 w 84892 29651
0 w 53920 2007
0 r 85768
0 w 116476 14880
0 w 85084 1127
0 r 115704
0 r 86372
0 r 116448
0 w 119236 9038
0 r 117052
0 w 116684 15158
0 r 50144
0 r 117160
0 r 50828
1 w 85636 452
0 w 85424 27704
1 r 117944
1 r 86548
1 r 50032
0 r 50572
0 r 85820
0 w 52064 23730
0 w 86036 10979
0 w 118920 19137
0 w 85144 20824
0 r 117804
0 r 116416
1 w 84084 1355
1 w 117316 10434
1 w 116104 17369
1 r 118492
1 r 117724
1 w 83540 29081
0 r 118236
0 r 84972
1 r 117644
0 r 50804
0 w 84196 25320
0 r 83968
1 w 117804 22528
0 w 51212 18065
0 r 52716
0 w 52256 5100
0 w 119488 12934
0 w 117688 24295
0 w 86684 26882
1 r 85788
1 w 116012 27766
1 w 116660 13051
1 w 85040 9046
1 r 51076
0 w 116396 6429
0 r 117640
1 r 53364
0 w 50116 27955
1 r 50976
0 r 85028
1 w 51248 27626
1 w 53168 31004
1 r 117980
0 w 84652 20621
1 r 119036
1 r 116048
1 w 50616 18479
0 r 53144
0 r 50176
1 w 84544 2290
0 r 119524
0 w 85848 24034
0 r 84332
1 r 118732
1 r 115832
0 r 115716
0 r 50412
0 r 52368
1 r 52120
1 r 50332
0 w 115768 4789
0 r 83032
0 r 52816
0 w 51172 21022
0 w 51976 28715
1 w 117984 23253
1 r 118088
0 w 53360 983
0 r 118520
0 r 117052
0 r 50664
0 w 50772 13342
1 r 116952
0 w 53512 15183
1 r 117640
1 w 50260 1046
1 w 51588 8050
1 r 86292
1 w 83884 21690
1 w 53952 30457
0 w 119476 17981
1 w 115752 8505
1 r 53004
0 w 51852 9966
0 r 117620
1 r 50580
0 r 83428
1 w 52272 19736
1 w 119136 20629
1 r 118488
1 w 50948 31849
1 r 116664
0 r 116568
1 w 52784 1519
1 r 84064
0 r 117328
0 r 86044
1 w 50140 15380
1 r 116932
0 r 85424
0 r 53356
1 r 85336
0 w 51424 13511
0 w 117152 27908
1 r 50528
1 w 115816 11282
1 w 117148 25877
1 r 83460
0 w 117956 5648
1 r 84616
1 w 118332 18818
0 r 83860
1 w 51600 25182
1 r 116416
0 r 84992
0 w 52232 21176
1 w 116956 8185
0 r 117328
1 w 119184 19948
1 w 52168 17198
1 w 118348 29629
1 r 118524
0 r 50468
0 r 50052
1 w 118688 17827
1 w 50244 15179
1 w 118324 25975
1 r 53520
0 r 115624
1 r 116408
0 w 85916 28778
1 w 53616 17062
0 w 85392 26248
1 w 84764 26472
1 w 53644 4826
0 r 50604
0 r 83440
0 r 119028
1 r 50000
0 r 85208
1 w 82844 31301
0 r 86508
1 w 84292 16527
0 r 83308
1 r 50168
0 r 116460
1 r 53028
1 w 84816 7722
0 w 116960 13594
0 r 84448
1 w 86656 22867
1 w 84496 21424
1 w 117064 30415
1 w 52600 30493
0 w 118264 16493
0 w 53188 15199
0 w 52208 15470
0 r 52572
0 r 51732
0 r 52716
0 w 116980 4622
1 r 115772
0 w 86352 12957
1 r 53196
0 w 51716 27465
1 w 83396 4374
1 w 52324 31576
1 w 84412 24801
1 r 118560
0 r 82792
0 r 85104
0 r 85168
0 w 116172 9944
1 r 118456
1 w 85060 6120
1 r 84080
0 r 53612
0 w 52360 27469
1 r 116052
1 w 51688 31274
0 w 53960 17132
0 r 52136
0 w 84464 26409
0 r 51980
0 w 119092 1554
0 w 117104 12360
1 r 117476
1 r 118716
0 w 84292 30331
0 w 84844 13031
1 w 115648 29869
0 w 50108 18069
1 r 86232
1 w 85436 1544
0 w 53280 18666
0 r 115812
1 r 52196
1 r 85396
0 r 52820
1 r 84424
1 r 118488
0 r 116236
0 w 53680 25611
0 w 115564 16823
0 w 119280 6802
0 w 118776 6685
0 w 118396 29079
1 w 52508 18544
0 w 51432 686
0 w 83768 14317
0 r 51952
0 r 52232
0 r 86284
1 w 86504 31502
0 w 118048 6775
1 r 85588
1 r 83800
0 w 119136 18768
0 r 117572
0 r 85988
0 w 117540 17555
1 r 84252
0 w 117776 13705
0 w 86088 14773
1 w 116280 27551
1 r 117028
0 w 117584 5081
1 r 50008
1 w 50420 28368
0 r 53768
0 w 51088 13237
1 w 116276 25821
0 w 116592 2505
1 r 118580
0 w 52056 24688
1 r 51340
0 w 51696 30778
0 w 50148 24664
0 w 118864 13219
1 r 117932
0 w 85940 21597
1 w 84284 10824
1 r 53400
1 r 83960
1 w 85072 19394
0 r 83004
1 w 116084 23107
0 w 83312 6603
1 r 84876
1 w 116812 475
1 r 50044
0 w 116900 21657
0 w 50536 7038
0 r 117164
0 r 50924
0 w 115596 2163
1 w 53908 20977
1 r 53800
1 w 85116 30707
0 r 115784
1 w 83220 25894
1 r 117476
1 w 50368 20900
1 w 53092 1259
1 r 85032
1 r 52680
0 r 85188
1 r 50128
1 r 119236
0 w 53216 5257
0 r 50268
1 w 118888 6918
0 r 119144
1 r 86352
0 r 52016
1 r 116308
0 r 82868
1 w 84424 32648
1 r 50344
1 r 118776
1 r 117880
0 w 50960 11667
0 w 50856 10196
1 r 52856
1 w 116052 5123
1 r 53884
1 r 119124
0 w 50280 10039
0 w 119432 16127
1 w 118036 25877
0 r 118344
1 r 118168
1 w 84836 13545
1 r 85128
1 r 53440
1 w 50996 5177
1 r 84456
0 r 116264
1 r 85592
0 r 83228
0 r 83312
0 w 115944 31447
1 w 119204 23795
1 w 51692 5556
1 w 86472 26570
0 r 53464
0 w 85588 4361
0 w 51736 32222
0 r 84376
1 w 85320 13723
1 r 118460
0 w 84020 15808
0 w 51316 24239
0 w 52820 13344
1 w 83368 29350
1 w 85632 24759
1 w 53192 27371
0 r 83720
0 r 116448
0 w 85724 32361
1 r 52764
0 r 117952
1 r 83756
1 w 52128 14998
0 r 51684
0 r 53712
1 r 53716
0 w 118368 18478
1 w 84296 13129
1 r 118996
1 r 84880
0 w 50312 932
0 w 52724 1178
0 r 83932
1 r 53060
0 r 119512
1 w 117204 13336
1 r 83184
0 r 116388
0 r 118956
0 r 118776
1 r 52672
0 w 51796 26355
0 w 116544 6224
0 w 85696 28450
0 r 52940
0 r 85756
1 r 116504
0 w 50308 253
0 w 50864 19218
0 r 52216
0 w 82856 27248
1 r 119336
1 w 84012 21171
0 w 83248 25739
1 w 86116 21402
1 r 117104
0 r 82780
0 w 117396 6867
0 r 118480
0 w 115856 30179
1 r 86628
1 w 115756 6796
1 r 84856
0 r 85360
1 r 50116
0 w 50460 5142
0 w 116396 23005
1 w 82796 12246
0 r 118108
0 r 50244
1 r 84620
0 r 53916
1 r 85996
0 r 84780
0 w 83804 292
0 w 118948 18806
0 r 85056
1 w 84808 32403
1 r 117000
1 w 86376 23298
0 r 53912
0 r 84988
1 w 84684 15286
0 w 85392 22365
1 r 85244
0 r 116276
1 w 52680 20114
0 w 116172 19086
1 r 118004
0 r 85800
0 r 50048
1 r 51832
1 w 51652 918
1 w 83724 14557
1 r 84588
0 w 85760 6870
0 w 52280 28673
0 r 85132
0 r 50952
0 w 83180 6731
1 r 83544
1 w 119312 5219
1 r 50552
1 w 85308 23707
1 w 85392 274
0 w 118500 716
1 r 83652
1 r 85784
1 r 83312
0 w 116104 19133
1 r 53196
1 w 117008 8641
0 r 119392
1 w 51044 4674
1 r 51560
1 w 116564 31784
0 w 53392 18698
0 r 86000
1 r 84612
0 r 117976
1 r 118348
0 r 53008
0 r 50672
1 r 50016
1 w 53548 19732
0 r 51220
0 w 51176 19149
1 w 52776 11901
0 r 118616
1 r 51608
0 r 53100
1 w 52636 5823
0 r 51816
1 r 119144
0 w 116208 8960
0 w 53596 22545
0 r 86572
0 w 116064 24891
1 w 86048 20280
0 w 116932 24804
0 w 84088 12220
0 w 83104 21439
0 r 83268
0 w 116320 8707
1 r 118244
1 w 117912 15854
0 r 50524
0 r 85748
0 r 83044
0 r 115916
1 w 51424 31225
1 r 85300
0 r 115664
0 w 83592 3774
0 r 50656
0 w 53008 21493
1 r 116672
0 w 84544 22212
0 r 51300
0 w 53288 3980
1 w 85896 13197
0 r 52572
0 r 53176
1 r 51892
0 r 84104
0 w 53488 24832
0 w 50996 28877
0 w 53276 12864
1 w 86588 12451
0 r 84888
1 w 118572 16200
0 r 52224
1 w 51100 19270
1 w 83880 26914
0 r 115952
0 r 53496
1 r 116424
1 r 118836
0 w 83816 32521
1 r 84460
0 w 51068 23898
1 r 53544
1 w 86100 13369
0 w 83584 1316
1 w 119128 6117
0 w 83984 11299
1 w 52720 30470
1 w 53252 19030
1 r 50716
0 r 52336
1 r 50984
0 w 51584 201
0 w 52644 15827
1 r 83960
1 w 51152 27845
0 w 116024 18119
1 w 84480 21010
1 r 85156
0 w 53796 25657
0 r 51480
0 w 115812 26794
0 r 83352
1 w 86760 21307
0 w 51504 5944
1 w 84924 21396
1 w 119304 24172
1 w 119152 29860
0 w 84824 13871
1 w 118600 18271
1 w 53532 1177
0 w 50832 6485
1 w 116100 27265
1 w 84404 227
1 r 83932
0 w 84040 25611
1 r 51196
1 w 84772 23607
0 w 115720 15178
1 r 119360
1 r 83064
1 r 83296
0 w 85544 3899
1 r 53712
0 r 86416
0 r 83668
0 r 118352
1 r 82924
1 w 85668 13546
0 w 51236 31618
0 r 118692
1 r 83744
1 r 116440
0 r 85792
0 r 50292
1 w 117620 29306
1 w 53552 20269
0 r 50548
0 w 117504 2855
0 w 85956 28693
1 w 117088 6057
0 w 118920 25796
1 w 85736 13224
0 w 116908 30440
1 w 118836 7051
1 r 118256
0 r 117104
1 r 53492
1 w 51140 1030
1 r 50424
1 w 83120 26941
0 r 83792
1 r 85712
1 w 51540 16241
0 w 116228 32192
1 w 86296 6610
1 w 84728 21230
1 w 117228 29734
1 r 118656
0 w 84048 515
0 w 51936 10797
0 w 118620 16700
1 w 86356 19997
0 w 115752 9102
0 w 53940 17137
0 w 84020 17151
0 r 119508
0 r 86260
1 w 83496 7859
1 w 50276 3357
0 w 83080 19161
1 w 85840 29519
1 r 53068
0 r 50244
1 r 117828
0 r 117024
1 r 50720
1 w 117456 17921
0 r 118624
0 r 84512
1 w 50908 11458
1 w 86004 22365
1 w 52684 9987
1 r 115936
1 r 115852
1 r 85548
0 r 84612
0 w 52904 31847
0 w 84692 28006
0 r 115700
0 w 119016 21269
1 w 86624 23682
0 w 117028 15831
1 r 82984
0 w 53488 19011
1 w 119008 25927
1 r 116240
1 r 118076
1 r 84660
0 w 51264 13436
1 w 51696 17938
0 w 84976 25001
1 w 85416 32012
1 w 116076 28729
1 r 52192
0 r 52448
1 r 51428
1 w 84720 4478
1 w 83652 22962
0 w 53552 29926
1 w 53936 13776
1 r 50472
0 w 116932 23739
0 r 118612
1 w 119228 10659
0 r 53200
1 w 50636 6434
1 r 119412
0 w 84492 21256
0 w 115612 5409
0 r 83144
1 w 83404 27791
1 r 116076
1 r 82996
1 w 116404 27441
0 r 84292
1 r 83448
0 w 50464 14398
1 w 83788 31316
1 w 85500 3089
1 w 83572 14832
1 w 52700 27151
1 r 84076
0 r 117464
1 w 50400 1351
0 w 83420 3261
0 r 51292
1 w 85820 14138
1 w 83568 31772
0 w 86392 15186
0 w 116648 23903
0 r 118480
1 w 50332 6482
0 r 117292
1 w 116892 4536
0 w 52056 14737
0 r 83128
1 w 119236 4402
1 r 50444
1 w 118052 18994
1 r 84888
1 w 50772 9192
0 r 116756
1 r 119508
0 r 51560
0 r 119316
0 r 118000
0 w 119092 25272
1 w 84556 12137
0 r 51628
1 r 50280
0 w 52208 27013
1 w 50872 6153
1 w 115656 20621
0 w 119196 4478
0 w 84792 26772
0 w 52360 19217
0 w 85796 8897
1 w 117056 10169
0 w 85204 1364
1 w 86212 14367
1 r 85300
0 w 86724 28455
0 r 84916
0 r 51588
0 r 51020
1 r 50176
1 r 51624
0 w 115560 9622
1 w 83028 13613
1 w 83092 23561
0 r 50972
0 w 52552 4479
0 r 85264
0 r 119320
1 w 53288 22605
1 r 53212
0 r 52124
0 w 52856 29716
1 w 50936 9259
0 w 85296 18809
0 r 52744
0 w 117408 23386
1 w 115932 7457
0 r 118268
1 r 51016
0 r 83936
0 r 119348
0 w 116456 14836
0 w 53692 16430
1 r 51596
1 r 116140
1 r 118272
0 r 52812
0 w 84928 17491
1 r 50076
1 r 83656
0 w 85448 25286
1 w 84664 13792
1 r 53468
0 r 86472
0 w 85192 22192
0 r 118844
1 w 86368 14460
1 w 117024 29313
1 r 118704
1 w 51248 20522
1 w 53032 20561
0 w 52648 21303
1 w 86664 17516
1 r 53868
0 r 86700
1 r 83392
1 r 53356
1 w 85528 25454
1 w 84032 29707
0 w 52580 28686
0 w 116500 20973
0 r 118744
1 w 51464 15952
0 r 118300
0 r 85228
0 w 118556 22832
0 r 52448
1 r 50536
0 r 52540
0 w 118164 30250
1 w 83268 17239
0 r 118828
0 r 117888
1 w 115932 21659
1 w 85524 2003
1 w 53692 21845
1 w 50744 3875
0 r 116008
1 r 83312
1 r 84312
0 r 52340
0 w 51588 1787
1 r 52056
0 r 85200
1 w 118304 22507
0 w 119176 28437
0 w 85520 8817
0 r 83520
1 r 85280
1 r 119152
1 r 50104
1 w 117544 29708
0 r 52436
1 r 117152
0 r 85720
0 w 84008 21794
1 w 53836 19682
0 r 51160
0 r 85396
0 w 118712 22576
1 r 51104
0 r 50596
1 w 115600 27891
1 w 84780 6494
0 w 52500 20486
0 r 117744
1 r 85684
0 r 85664
0 r 50956
0 r 115672
0 w 119272 22919
0 w 116764 28601
1 w 117660 5540
0 w 117868 31491
0 w 53464 4455
1 r 83440
1 r 52640
1 w 86196 533
1 w 83240 18579
0 w 50376 12286
0 w 53952 2426
1 w 117288 3487
1 r 85384
0 r 115568
1 r 115808
1 r 86108
0 w 85092 4126
0 w 86760 27773
1 r 53540
0 w 117400 1010
0 r 116516
0 w 117008 8615
1 w 50784 29196
1 w 117932 18684
0 w 83968 27717
0 w 118604 25227
0 r 116612
1 r 83412
1 w 117304 15391
0 r 119028
1 w 52732 28281
1 w 117544 1051
0 r 84748
0 r 85664
1 r 52264
0 r 83500
1 r 83524
0 r 53964
0 w 116904 1735
1 r 116328
0 r 51956
1 r 115748
0 w 85672 7922
0 w 52480 4940
0 r 50604
0 r 52280
1 w 118816 31247
1 w 51500 5403
1 r 53128
0 r 84092
0 r 51344
0 r 50848
0 w 52532 30331
1 r 85492
0 r 51160
0 r 52692
0 w 116876 7670
1 r 117092
1 r 117200
1 r 118116
0 w 85096 9979
1 w 115960 29342
1 r 50000
0 w 85536 273
0 w 117400 19092
1 w 83852 13505
1 r 118748
1 r 118500
1 r 52764
0 r 83996
0 w 118584 29428
0 r 51332
0 w 115536 16414
1 r 85448
1 r 115776
1 w 86232 3346
0 r 85192
1 r 83492
1 w 50352 29084
1 r 53680
1 w 53000 19261
0 r 86468
1 w 50224 24875
1 w 50604 32318
1 r 119460
1 w 86400 3313
1 r 83464
1 r 84148
0 w 86208 29357
0 r 119068
1 w 117948 13602
1 w 86600 24260
1 w 118744 24537
0 w 117296 28983
0 r 119236
0 r 52472
1 r 117456
1 w 85884 7815
1 w 84592 5343
0 r 50768
1 w 83496 31752
1 r 116492
1 r 85424
1 w 116656 9329
1 r 85824
0 r 117916
0 r 86148
0 w 84204 1720
0 r 118364
0 r 86576
0 w 119088 19949
0 w 115816 25620
1 r 84128
0 r 51460
0 w 84768 12053
0 r 52132
0 r 53904
0 w 86292 6868
1 r 83792
0 r 53328
0 w 85428 28434
1 r 52916
0 r 85856
0 w 116376 19462
0 w 84848 16867
1 w 83096 1524
1 w 50872 12967
0 r 115828
0 r 118004
0 r 52336
1 r 119208
1 w 85304 8932
1 w 51200 6195
1 r 118704
1 w 116016 9426
1 r 50248
1 w 51648 22291
1 w 117308 32755
0 r 86292
0 w 51488 12295
1 r 52676
1 r 50460
0 r 118432
0 r 85072
0 r 85268
0 w 117560 20842
1 w 53992 5568
0 w 115808 24148
1 r 116376
0 r 51924
0 r 117552
0 r 117544
1 w 118284 11214
1 r 85476
1 r 83876
1 w 119160 32340
0 w 86064 31808
0 r 53296
0 r 51720
1 w 118324 21381
1 w 50688 26021
1 r 84876
1 w 84584 9646
1 w 52500 6837
1 w 85764 8603
1 w 117776 23524
1 r 117368
1 r 115592
1 r 84724
0 r 117800
0 r 52144
0 w 119316 23751
1 w 115840 27203
0 r 53164
1 r 119100
0 r 117260
0 w 52352 5088
1 r 116224
1 r 117604
0 r 50660
1 r 116612
1 r 52184
0 w 86120 5632
1 w 116316 18802
0 w 53380 21896
1 r 117332
1 r 52288
0 r 85896
0 r 118708
1 r 53244
1 w 85180 6819
1 w 116084 25889
0 r 86324
0 w 116268 18242
0 w 116616 15309
0 w 51688 27756
0 w 83032 16488
0 r 51016
0 w 51048 536
0 w 51284 15298
0 w 116700 21168
0 r 86052
1 r 85400
1 w 52968 1215
1 w 53524 5448
1 w 85500 21120
1 w 84684 28039
1 r 84672
0 r 83848
1 r 53696
0 r 119412
1 r 118032
1 w 51624 8282
0 r 51724
1 w 51100 16395
0 r 117928
1 w 115712 11496
1 w 85988 25968
0 w 86076 5748
0 r 85704
0 r 50720
0 w 86136 16203
1 w 116880 32052
1 r 50492
1 r 117528
0 r 118068
1 r 86416
0 r 83316
1 r 119228
0 w 116504 11026
0 r 86404
0 r 84396
1 w 85940 27491
0 r 51336
1 r 84492
0 w 119096 17336
1 r 53184
0 r 83372
1 r 115788
0 w 84992 12346
1 r 116808
0 r 117908
0 r 53336
0 r 53764
1 r 86544
1 r 83620
0 w 84036 16245
0 w 53780 10317
1 w 50396 1686
0 r 53740
0 r 84944
1 r 52340
0 r 51988
1 r 83976
0 w 118408 16222
1 r 52772
0 w 86528 25153
0 r 116156
0 w 118072 28417
0 r 86296
1 r 116684
0 r 85604
1 r 118724
0 r 52176
0 r 50748
0 w 119136 16714
0 w 86700 21627
0 w 83340 22905
0 w 50816 22944
1 r 117020
1 w 53120 21044
0 w 51480 17159
1 w 85444 30977
0 w 50848 23511
0 r 115828
1 w 83072 26847
1 w 118452 1412
0 r 117480
0 w 85668 26788
0 w 85880 22352
0 r 52316
0 w 52148 17079
1 r 50692
0 w 51280 2475
1 r 116172
0 w 51844 15815
0 r 52508
0 w 119120 23624
1 w 50296 28182
0 w 118892 22338
1 w 118728 8167
1 w 119248 19657
0 r 118440
0 w 51976 2772
1 w 117868 29695
0 w 53116 19615
1 w 53532 27607
0 w 116000 18131
0 w 117720 16394
0 w 116540 10699
1 r 116536
0 r 119312
1 w 50080 4772
1 r 50628
1 w 86524 7253
1 r 83100
0 w 118528 27930
1 w 117984 29541
0 w 51124 31791
1 r 50132
1 r 86048
1 w 84440 16663
1 r 52924
1 r 116920
1 w 50132 12044
1 w 83392 23536
0 w 50440 14188
1 r 53780
0 w 85712 23576
0 r 117120
0 w 52020 14291
0 w 51744 3076
0 r 119292
1 r 84676
0 r 86264
0 w 53156 3713
1 r 53792
1 r 115576
0 w 83848 19688
0 r 116816
0 r 117652
0 w 52364 15477
0 w 83620 25110
0 w 50212 6306
0 r 116336
0 r 118336
0 w 83532 7653
1 r 82832
1 w 50400 18513
1 r 86092
1 r 117204
0 w 117352 8389
1 w 84400 19957
0 w 50128 12009
1 w 117760 7176
1 w 117660 20455
0 r 52476
0 w 53724 29170
0 w 51728 16901
1 w 51988 399
0 r 53892
1 r 118068
1 r 83936
0 r 51100
0 w 84628 10192
0 r 86316
1 r 53840
0 r 116092
1 w 50520 11263
1 w 50556 27541
1 r 85388
0 w 53260 7335
1 r 117592
1 r 118620
0 r 84520
1 r 83708
1 r 116432
1 w 84080 18681
0 r 51896
0 r 50072
1 w 52824 16802
0 w 118364 29431
1 r 82836
1 r 53096
0 r 85276
0 w 52264 19983
0 w 52936 23936
1 r 51196
0 w 116740 31375
1 w 86564 2424
0 r 84760
0 w 53000 11396
0 r 84856
1 r 52360
0 r 85588
0 w 50460 32734
1 r 53840
1 r 83628
1 r 118812
0 r 119432
1 w 86204 16086
1 w 83372 32671
0 r 86204
0 r 117176
1 r 85384
0 w 115628 31732
0 w 119012 26600
0 r 118256
0 w 86212 8507
0 w 117332 23997
0 r 51132
0 w 83320 28102
0 r 51552
1 w 116112 21908
1 w 52240 1641
0 w 85168 20645
0 r 116864
1 r 84792
1 r 117104
1 w 83000 8511
1 r 118952
1 r 84544
0 r 50220
1 w 53676 17124
1 w 51440 4425
1 r 52260
0 r 116464
1 w 51808 3588
1 r 53520
0 w 119460 8007
0 r 50452
1 r 115860
0 w 53544 8902
0 w 85064 9321
1 w 86180 28506
0 w 118128 26035
0 r 116936
0 w 82936 27736
0 r 117588
0 r 116200
1 w 51172 30858
0 r 82828
1 r 115932
1 r 118028
1 r 117692
1 w 83600 21619
1 r 85416
1 r 83268
0 w 84376 27489
0 w 50760 18805
1 r 117180
0 r 51024
1 r 85544
0 w 115688 26674
0 r 50560
1 w 83200 1463
1 r 117476
1 r 119264
0 r 52312
1 r 52364
1 w 83124 20882
0 w 117776 29778
1 w 52280 21460
1 w 50516 4582
1 r 53016
0 w 50988 16699
0 w 116956 22724
1 w 84148 10818
1 w 85040 20107
0 r 84580
1 w 53912 25688
1 r 83268
0 w 52276 25109
0 r 83924
1 r 83092
0 w 119508 24622
0 r 53840
1 w 51704 16477
1 w 85572 9379
0 w 53852 11209
1 r 116652
0 w 118448 29765
0 w 116936 27149
0 w 53096 2815
0 r 85348
0 r 52352
1 r 119264
0 w 52168 31237
1 w 119228 4410
1 w 53376 17492
1 r 116972
1 r 83836
1 r 53436
1 r 51320
1 w 52076 26170
1 w 86416 20500
0 w 50132 7061
0 r 117760
1 w 115812 31977
1 r 118532
0 w 117352 6330
1 r 115700
0 w 51896 9327
1 r 52284
1 r 84600
1 w 50324 16465
0 r 117960
1 r 52948
0 r 84344
0 w 85636 3610
0 w 117208 4414
0 w 83104 24104
1 w 52632 29875
0 w 53108 28041
1 r 86712
0 r 52124
1 r 119292
1 r 115976
0 w 119140 26220
0 w 50108 26838
1 w 118416 4801
1 r 86756
1 r 118376
1 w 117488 14273
0 r 119016
1 w 82996 28158
1 w 116016 11156
0 r 50148
1 w 53112 12611
0 w 119388 29717
0 w 118912 6768
0 r 119204
1 w 51308 23345
0 r 116668
1 r 52008
1 w 119032 15770
0 w 118540 11647
0 w 117572 7051
1 r 83828
0 w 52452 26934
1 w 118288 2656
1 w 119256 22129
1 w 86480 6242
1 w 53232 25201
0 w 83804 10929
1 w 83984 22153
1 r 83080
0 w 116272 8552
1 r 84564
0 w 115584 24628
1 r 50476
0 r 52260
1 w 50728 28809
0 r 86504
0 r 83632
0 r 84616
0 r 118232
0 w 51752 17453
1 w 83296 26636
0 w 117684 29863
1 w 85188 6570
1 r 118372
1 r 115728
0 r 116880
0 r 117976
0 w 84200 5742
1 r 85588
0 w 86072 11743
1 r 53196
1 r 117416
1 r 118076
1 w 85104 21386
1 w 119008 29773
0 w 116116 22059
0 w 119012 10296
1 w 84132 18602
1 w 50232 26141
0 w 51436 13452
0 w 116732 8859
0 r 84188
0 w 86436 20635
0 r 117416
1 w 117500 22705
1 w 85440 11809
0 w 116224 24568
1 w 50836 3177
1 r 53632
0 w 116360 13387
1 w 84620 24040
0 r 86228
0 r 116128
0 r 53176
0 w 84312 30516
1 w 115992 8813
0 r 85680
1 w 51208 15307
0 w 116084 146
0 w 53332 13308
0 w 53136 26128
0 r 53204
0 r 51776
0 r 51904
1 r 83584
0 w 51660 21790
1 w 53316 30124
0 w 50264 28175
0 r 83764
0 w 52836 25821
0 r 118828
0 r 118592
0 r 118900
0 w 119304 14520
0 w 82896 2425
0 r 53916
1 r 52084
1 w 53228 27307
0 r 51092
1 w 51808 27446
1 r 116604
0 r 83436
0 w 117032 7669
0 w 53556 27944
0 r 53292
1 w 52184 11022
0 r 52212
1 w 83864 20637
0 r 83364
1 w 116784 7848
0 w 85500 333
0 w 86652 11756
1 w 118504 23956
0 w 118580 30005
1 r 51268
0 r 50184
0 w 119452 31704
1 w 117696 12666
1 r 52572
0 w 118976 8934
0 w 52708 16023
0 w 116044 20241
1 w 115992 21213
1 w 118160 22717
0 w 115692 29057
0 w 86004 140
0 w 51420 16715
1 r 53220
1 w 117712 8452
1 w 115688 28121
0 r 51596
1 r 51504
1 w 85796 28286
0 r 118872
1 w 51652 16848
1 w 117648 18819
0 w 51656 32180
0 r 51668
1 w 117496 24397
0 w 85152 5764
0 r 117768
0 r 86084
0 w 85136 13807
1 r 118468
1 r 51924
0 r 118964
0 w 83992 20736
1 w 83752 3698
0 w 86292 3292
0 w 51720 12326
